1.02525;-3.90625e-05;2.79135
2.03649;-3.90625e-05;2.83306
3.05677;-3.90625e-05;3.20935
4.07709;0;3.8345
5.11987;0.000429687;4.20458
6.1779;0.00101562;4.54853
7.25829;0.0015625;5.04247
8.27438;0.00203125;5.43668
9.28856;0.00246094;5.94858
10.3859;0.00289063;6.46957
11.459;0.00328125;6.85112
12.5609;0.00367187;6.8302
13.6019;0.00410156;7.42473
14.7234;0.00484375;7.95986
15.7855;0.00546875;8.49334
16.9065;0.00609375;8.88192
17.934;0.00664062;9.31907
19.0038;0.0071875;9.63301
20.1147;0.0078125;10.0436
21.2669;0.00863281;10.3438
22.2845;0.00933594;10.6887
23.3303;0.0100391;10.926
24.4036;0.0107422;11.209
25.504;0.0114453;11.5333
26.6307;0.0124219;11.8019
27.783;0.0133594;12.0139
28.9592;0.0142969;12.2548
30.1582;0.0152344;12.4849
31.1741;0.0160156;12.7106
32.2042;0.0169141;12.8704
33.2432;0.0178906;12.8917
34.2816;0.0188672;12.8769
35.3154;0.0198437;12.7311
36.3365;0.0208203;12.5931
37.3482;0.0217187;12.4994
38.3541;0.0226953;12.4523
39.3571;0.0236719;12.4313
40.3603;0.0246484;12.4527
41.3659;0.025625;12.4845
42.3758;0.0266016;12.5463
43.3916;0.0275781;12.6259
44.4145;0.0285547;12.7201
45.4456;0.0295703;12.8269
46.4793;0.0306641;12.8142
47.5118;0.0318359;12.7996
48.5578;0.0330078;13.0687
49.6252;0.0341797;13.3901
50.7137;0.0353516;13.5958
51.8229;0.0366406;13.9065
52.9525;0.0380078;14.1049
54.1021;0.039375;14.4058
55.2716;0.0407422;14.5976
56.4606;0.0421875;14.8895
57.6688;0.04375;15.1225
58.8959;0.0453125;15.3593
60.1405;0.0469141;15.4896
61.3882;0.0484766;15.4735
62.6376;0.0500391;15.5626
63.6502;0.0514453;15.7672
64.6758;0.0528516;16.0202
65.7141;0.0542578;16.1626
66.7647;0.0556641;16.3533
67.8274;0.0570703;16.5895
68.9019;0.0585938;16.7706
69.988;0.0601562;16.9478
71.0854;0.0617187;17.0743
72.1939;0.0632812;17.2912
73.3132;0.0648438;17.4579
74.4433;0.0665625;17.5767
75.5837;0.0682812;17.782
76.7345;0.07;17.94
77.8954;0.0717187;18.0526
79.0663;0.0734766;18.2063
80.247;0.0753906;18.3577
81.4375;0.0772656;18.5485
82.6374;0.0791406;18.6957
83.8469;0.0810156;18.8411
85.0656;0.0829297;18.9448
86.2936;0.0849609;19.0875
87.5308;0.0869922;19.2685
88.777;0.0890234;19.4083
90.0323;0.0910547;19.5465
91.2963;0.0931641;19.6433
92.5689;0.0953516;19.7738
93.8497;0.0975391;19.9007
95.1388;0.0997266;20.0631
96.4359;0.101914;20.1524
97.741;0.104102;20.2749
99.0539;0.106445;20.3949
100.374;0.108789;20.5459
101.703;0.111133;20.6282
102.703;0.112891;20.714
103.708;0.114727;20.8272
104.718;0.116602;20.8833
105.731;0.118477;20.966
106.748;0.120352;21.0793
107.769;0.122227;21.1283
108.794;0.124102;21.238
109.822;0.125977;21.2849
110.855;0.127852;21.3918
111.891;0.129844;21.4368
112.931;0.131836;21.5105
113.974;0.133828;21.6105
115.02;0.13582;21.6803
116.07;0.137812;21.7501
117.124;0.139805;21.7914
118.18;0.141836;21.8877
119.24;0.143945;21.9553
120.304;0.146055;22.0233
121.37;0.148164;22.0644
122.44;0.150273;22.1624
123.513;0.152422;22.2039
124.59;0.154648;22.3011
125.67;0.156914;22.3427
126.753;0.159141;22.4134
127.84;0.161367;22.4842
128.93;0.163594;22.5822
130.024;0.165937;22.623
131.121;0.168281;22.692
132.221;0.170625;22.7904
133.325;0.172969;22.8323
134.432;0.175312;22.8996
135.539;0.177656;22.887
136.646;0.18;22.8707
137.752;0.182344;22.8537
138.861;0.184805;22.9448
139.974;0.187266;23.0423
141.092;0.189727;23.1742
142.215;0.192188;23.2309
143.342;0.194648;23.3219
144.474;0.197227;23.411
145.609;0.199805;23.4983
146.749;0.202383;23.6176
147.893;0.204961;23.6682
149.041;0.207539;23.7829
150.193;0.210234;23.8307
151.349;0.21293;23.9405
152.508;0.215625;23.9856
153.671;0.21832;24.0594
154.837;0.221016;24.159
156.007;0.223711;24.2266
157.18;0.226562;24.2874
158.357;0.229375;24.359
159.536;0.232187;24.4243
160.719;0.235;24.4621
161.904;0.237812;24.5529
163.093;0.240625;24.5888
164.285;0.243555;24.6773
165.48;0.246484;24.7134
166.678;0.249414;24.8023
167.878;0.252344;24.8637
169.082;0.255273;24.9253
170.289;0.258203;24.961
171.499;0.26125;25.0484
172.712;0.264297;25.0836
173.927;0.267344;25.1717
175.146;0.270391;25.2071
176.368;0.273477;25.2692
177.593;0.276641;25.3321
178.82;0.279805;25.4214
180.051;0.282969;25.4839
181.285;0.286172;25.5201
182.522;0.289375;25.6105
183.762;0.292656;25.647
185.005;0.295937;25.7105
186.251;0.299219;25.7739
187.5;0.3025;25.8375
188.753;0.305781;25.9014
190.008;0.30918;25.9931
191.267;0.312578;26.03
192.528;0.315977;26.0944
193.793;0.319375;26.1588
195.061;0.322773;26.2233
196.332;0.326289;26.2879
197.606;0.329805;26.3525
198.883;0.33332;26.4169
200.163;0.336836;26.509
201.447;0.340352;26.5737
202.734;0.343984;26.611
204.023;0.347617;26.6758
205.316;0.35125;26.7683
206.612;0.354883;26.8053
207.911;0.358516;26.8974
209.214;0.362266;26.9339
210.519;0.366016;27.0255
211.827;0.369805;27.0894
213.139;0.373555;27.1532
214.453;0.377344;27.2174
215.771;0.381211;27.2817
217.092;0.385078;27.3181
218.416;0.388945;27.4099
219.743;0.392812;27.4744
221.073;0.396797;27.539
222.406;0.400781;27.6038
223.743;0.404766;27.6406
225.082;0.40875;27.705
226.425;0.412734;27.7974
227.771;0.416836;27.8339
229.12;0.420937;27.8977
230.472;0.425039;27.9884
231.827;0.429141;28.0512
233.185;0.433359;28.0865
234.546;0.437578;28.1758
235.91;0.441797;28.2107
237.277;0.446016;28.273
238.647;0.450352;28.335
240.02;0.454687;28.3967
241.396;0.459023;28.4586
242.775;0.463359;28.5207
244.157;0.467695;28.6106
245.542;0.472148;28.6728
246.931;0.476602;28.7075
248.322;0.481055;28.7962
249.716;0.485508;28.8305
251.113;0.49;28.8922
252.513;0.49457;28.9535
253.916;0.499141;29.0416
255.322;0.503711;29.0756
256.73;0.508281;29.1367
258.142;0.512969;29.1976
259.557;0.517656;29.2585
260.975;0.522344;29.3469
262.396;0.527031;29.3807
263.819;0.531836;29.4418
265.246;0.536641;29.5298
266.675;0.541445;29.5632
268.108;0.54625;29.6237
269.543;0.551211;29.7114
270.982;0.556133;29.7447
272.423;0.561055;29.8048
273.867;0.565977;29.8646
275.314;0.571016;29.9507
276.764;0.576055;29.9817
278.216;0.581094;30.0593
279.671;0.586133;30.1061
281.128;0.591172;30.1275
282.587;0.596328;30.1849
284.048;0.601484;30.2007
285.51;0.606641;30.2321
286.974;0.611797;30.2616
288.439;0.616953;30.3056
289.906;0.622109;30.3168
291.373;0.627266;30.3607
292.843;0.632539;30.3893
294.313;0.637812;30.4193
295.785;0.643086;30.452
297.259;0.648359;30.4874
298.734;0.653633;30.5053
300.212;0.658945;30.545
301.691;0.664336;30.5872
303.173;0.669727;30.6539
304.656;0.675117;30.6778
306.142;0.680508;30.7492
307.631;0.686055;30.7752
309.122;0.691562;30.8503
310.615;0.69707;30.8777
312.111;0.702617;30.9306
313.609;0.708242;30.9843
314.609;0.711992;31.0462
315.611;0.715742;31.0829
316.614;0.719492;31.0941
317.618;0.723242;31.1572
318.623;0.726992;31.1948
319.629;0.730742;31.2063
320.637;0.734492;31.2705
321.646;0.738281;31.3086
322.656;0.742109;31.3469
323.667;0.745937;31.3854
324.68;0.749766;31.424
325.693;0.753594;31.4277
326.707;0.757422;31.4337
327.721;0.76125;31.4201
328.734;0.765078;31.4041
329.746;0.768906;31.3886
330.759;0.772773;31.3919
331.772;0.776602;31.425
332.787;0.780508;31.4861
333.802;0.784414;31.4968
334.819;0.78832;31.5329
335.838;0.792227;31.5947
336.857;0.796172;31.631
337.877;0.800195;31.6417
338.899;0.80418;31.6781
339.922;0.808164;31.7401
340.946;0.812227;31.7765
341.971;0.816289;31.813
342.997;0.820352;31.8494
344.025;0.824414;31.8601
345.053;0.828555;31.8966
346.083;0.832695;31.933
347.114;0.836836;31.9953
348.146;0.840977;32.0059
349.18;0.845117;32.0424
350.214;0.849336;32.1047
351.25;0.853555;32.1153
352.287;0.857773;32.1517
353.325;0.861992;32.214
354.364;0.866211;32.2504
355.404;0.87043;32.2868
356.446;0.874727;32.2974
357.489;0.879023;32.3337
358.533;0.88332;32.396
359.578;0.887617;32.4064
360.624;0.891914;32.4686
361.671;0.896211;32.479
362.72;0.900508;32.5153
363.77;0.904883;32.5516
364.821;0.909258;32.6137
365.873;0.913633;32.6499
366.926;0.918008;32.6861
367.981;0.922383;32.7222
369.036;0.926758;32.7584
370.093;0.931133;32.7686
371.151;0.935586;32.8306
372.21;0.940039;32.8407
373.27;0.944492;32.8768
374.332;0.948945;32.9386
375.394;0.953438;32.9746
376.458;0.957969;32.9847
377.523;0.9625;33.0465
378.589;0.96707;33.0565
379.656;0.971836;33.1182
380.725;0.976992;33.1281
381.794;0.982734;33.1894
382.865;0.989297;33.1992
383.936;0.996797;33.2345
385.009;1.00559;33.2696
386.083;1.01594;33.3043
387.158;1.02816;33.3387
388.235;1.04266;33.3974
389.312;1.05992;33.4052
390.39;1.08062;33.4368
391.469;1.10527;33.4911
392.549;1.13437;33.52
393.63;1.16828;33.5367
394.712;1.20766;33.5497
395.794;1.25281;33.5978
396.877;1.30441;33.6198
397.959;1.36293;33.6168
399.043;1.42898;33.6573
400.126;1.50305;33.6506
401.209;1.58539;33.6644
402.292;1.67633;33.6992
403.375;1.77641;33.6874
404.458;1.8857;33.6969
405.54;2.00441;33.7055
406.621;2.13309;33.713
407.701;2.27172;33.7191
408.78;2.42066;33.7245
409.858;2.58027;33.7291
410.935;2.75059;33.7546
412.01;2.93152;33.7367
413.083;3.12352;33.7631
414.155;3.32633;33.7666
415.224;3.54016;33.7705
416.292;3.76535;33.7523
417.357;4.00145;33.778
418.42;4.24883;33.7828
419.48;4.50746;33.7652
420.538;4.77711;33.7712
421.593;5.05758;33.8039
422.646;5.34891;33.8148
423.696;5.65078;33.8033
424.744;5.96312;33.8181
425.789;6.28594;33.8349
426.831;6.61895;33.8768
427.87;6.96184;33.8966
428.906;7.31473;33.9179
429.94;7.6773;33.9157
430.971;8.04922;33.9396
431.999;8.43047;33.9647
433.025;8.82059;33.9904
434.048;9.21973;34.0419
435.069;9.62742;34.0688
436.087;10.0431;34.0979
437.102;10.4673;34.1021
438.116;10.8993;34.1303
439.127;11.3396;34.1824
440.134;11.7882;34.1849
441.14;12.2454;34.2327
442.142;12.7114;34.2314
443.14;13.1863;34.2493
444.134;13.6687;34.2637
445.124;14.1613;34.2729
446.111;14.6634;34.2888
447.092;15.1761;34.2797
448.068;15.6991;34.2618
449.037;16.2327;34.2352
449.999;16.7772;34.202
450.953;17.3323;34.1616
451.901;17.897;34.1096
452.84;18.4746;34.0535
453.772;19.0639;33.9892
454.693;19.6648;33.9176
455.604;20.2775;33.8502
456.504;20.9015;33.7729
457.395;21.5369;33.6967
458.275;22.1829;33.626
459.144;22.842;33.5403
460.002;23.5136;33.4569
460.848;24.196;33.3749
461.68;24.8899;33.3115
462.501;25.5949;33.2301
463.31;26.3107;33.164
464.107;27.0371;33.1187
464.892;27.7739;33.0658
465.665;28.5216;33.0195
466.426;29.2809;32.9752
467.175;30.0501;32.92
467.909;30.829;32.8948
468.632;31.6173;32.8967
469.343;32.4147;32.8867
470.042;33.221;32.8834
470.731;34.0358;32.8654
471.409;34.8589;32.8957
472.076;35.6902;32.9116
472.734;36.5304;32.9303
473.382;37.378;32.9527
474.021;38.2318;32.981
474.651;39.0918;33.0124
475.275;39.9577;33.0205
475.891;40.829;33.0552
476.502;41.7051;33.1169
477.109;42.5858;33.1538
477.711;43.4704;33.1645
478.309;44.3589;33.2009
478.904;45.2512;33.2372
479.497;46.1478;33.2976
480.087;47.0477;33.304
480.673;47.9495;33.3347
481.255;48.8544;33.3634
481.833;49.7627;33.4127
482.406;50.6747;33.4356
482.973;51.5911;33.455
483.535;52.5128;33.4689
484.089;53.4411;33.4561
484.635;54.3747;33.4546
485.171;55.3122;33.4675
485.697;56.2541;33.4359
486.212;57.2012;33.4155
486.717;58.1544;33.3852
487.211;59.1137;33.3426
487.691;60.0802;33.2981
488.156;61.0522;33.2287
488.607;62.0276;33.1546
489.042;63.0071;33.0651
489.463;63.9915;32.9825
489.873;64.9874;32.8778
490.264;65.98;32.7603
490.638;66.9761;32.6443
490.994;67.9757;32.5148
491.333;68.9777;32.3792
491.655;69.9821;32.2538
491.959;70.9887;32.1139
492.245;71.997;31.9784
492.513;73.0068;31.8509
492.762;74.0178;31.718
492.993;75.0291;31.5874
493.206;76.0408;31.4593
493.4;77.0529;31.3206
493.576;78.0649;31.2021
493.733;79.0763;31.0646
493.871;80.0866;30.945
493.99;81.0957;30.8478
494.09;82.1034;30.7428
494.172;83.1093;30.6273
494.236;84.1132;30.5496
494.281;85.1149;30.4461
494.314;86.6122;30.3516
494.307;88.1031;30.2397
494.26;89.5887;30.1891
494.175;91.067;30.1482
494.053;92.5387;30.1326
493.896;94.0041;30.1454
493.705;95.4638;30.178
493.485;96.918;30.2404
493.239;98.3686;30.2866
492.97;99.8173;30.4094
492.685;101.265;30.5029
492.391;102.714;30.5595
492.096;104.166;30.6331
491.806;105.622;30.691
491.528;107.083;30.7285
491.268;108.548;30.7491
491.028;110.018;30.7753
490.811;111.493;30.7635
490.62;112.97;30.7201
490.456;114.45;30.6866
490.322;115.933;30.6627
490.219;117.416;30.5911
490.147;118.9;30.5333
490.108;120.382;30.4859
490.103;121.863;30.4179
490.132;123.341;30.345
490.196;124.815;30.271
490.296;126.284;30.1786
490.43;127.747;30.1261
490.6;129.203;30.0594
490.806;130.653;29.9924
491.05;132.094;29.9043
491.33;133.525;29.8694
491.646;134.945;29.8009
491.996;136.355;29.7928
492.379;137.754;29.7748
492.794;139.143;29.7706
493.24;140.521;29.7837
493.719;141.891;29.8042
494.227;143.249;29.8401
494.76;144.597;29.8605
495.315;145.937;29.9227
495.89;147.271;30.0261
496.482;148.601;30.1009
497.086;149.929;30.1452
497.701;151.259;30.2186
498.32;152.588;30.2878
498.94;153.918;30.3531
499.558;155.252;30.4425
500.173;156.592;30.4702
500.783;157.936;30.5536
501.388;159.287;30.5958
501.987;160.644;30.631
502.581;162.005;30.7125
503.171;163.369;30.7667
503.76;164.737;30.7929
504.35;166.107;30.8468
504.942;167.478;30.8984
505.542;168.851;30.9446
505.947;169.766;30.9977
506.562;171.134;31.0057
506.979;172.043;31.0515
507.403;172.95;31.0426
507.833;173.855;31.0561
508.271;174.757;31.0675
508.716;175.655;31.0767
509.169;176.55;31.1097
509.631;177.442;31.0917
510.101;178.33;31.1232
510.58;179.214;31.104
511.067;180.093;31.1138
511.561;180.968;31.1528
512.063;181.839;31.167
512.572;182.706;31.1832
513.089;183.57;31.2017
513.613;184.429;31.2222
514.144;185.285;31.2167
514.682;186.138;31.2397
515.227;186.988;31.29
515.777;187.835;31.2866
516.333;188.678;31.339
516.895;189.518;31.3372
517.461;190.355;31.3626
518.033;191.191;31.3879
518.609;192.023;31.413
519.19;192.854;31.466
519.776;193.682;31.4914
520.366;194.508;31.4893
520.961;195.332;31.5394
521.561;196.153;31.5626
522.166;196.972;31.559
522.775;197.787;31.6071
523.389;198.6;31.6287
524.008;199.41;31.6238
524.633;200.217;31.6709
525.262;201.021;31.6648
525.897;201.822;31.7106
526.537;202.619;31.7039
527.182;203.412;31.7495
527.833;204.202;31.7685
528.49;204.988;31.7613
529.151;205.771;31.8078
529.818;206.55;31.8276
530.491;207.325;31.8471
531.169;208.096;31.8411
531.852;208.863;31.8873
532.541;209.626;31.8814
533.234;210.386;31.9273
533.934;211.141;31.9479
534.639;211.892;31.9428
535.348;212.639;31.9629
536.063;213.382;32.0091
536.784;214.121;32.0035
537.51;214.856;32.0226
538.241;215.585;32.0422
538.978;216.311;32.0866
539.721;217.031;32.1051
540.468;217.747;32.0988
541.221;218.458;32.144
541.98;219.164;32.1618
542.744;219.865;32.1803
543.514;220.561;32.1734
544.289;221.252;32.217
545.07;221.937;32.2098
545.856;222.617;32.2287
546.649;223.291;32.2479
547.446;223.96;32.2936
548.249;224.623;32.2889
549.057;225.281;32.3365
549.871;225.934;32.332
550.689;226.581;32.3808
551.513;227.223;32.379
552.342;227.86;32.4033
553.176;228.491;32.4272
554.014;229.117;32.4546
554.858;229.738;32.5078
555.706;230.355;32.5343
556.559;230.965;32.5362
557.417;231.571;32.564
558.28;232.172;32.59
559.146;232.767;32.6168
560.018;233.357;32.6428
560.895;233.941;32.6915
561.776;234.519;32.7166
562.662;235.092;32.7163
563.554;235.658;32.7384
564.45;236.218;32.7829
565.351;236.77;32.803
566.257;237.316;32.7971
567.169;237.855;32.8353
568.085;238.385;32.8498
569.007;238.907;32.8389
569.935;239.421;32.85
570.867;239.926;32.8854
571.805;240.423;32.8727
572.748;240.91;32.8807
573.696;241.389;32.9132
574.649;241.857;32.9231
575.608;242.317;32.907
576.571;242.767;32.9395
577.539;243.206;32.9487
578.513;243.636;32.9567
579.491;244.055;32.9448
580.474;244.464;32.983
581.461;244.864;32.9716
582.453;245.253;33.013
583.45;245.631;33.0302
584.452;245.999;33.0224
585.457;246.357;33.0652
586.467;246.704;33.0607
587.481;247.04;33.0788
588.499;247.366;33.0996
589.521;247.682;33.1473
590.547;247.987;33.1696
591.576;248.282;33.1923
592.609;248.567;33.2146
593.646;248.841;33.2356
594.686;249.104;33.2571
595.729;249.357;33.2547
596.776;249.599;33.2994
597.825;249.83;33.2971
598.878;250.051;33.3201
599.934;250.262;33.3426
600.992;250.462;33.364
602.053;250.651;33.4143
603.116;250.831;33.4137
604.183;251;33.4658
605.251;251.159;33.469
606.322;251.308;33.5268
607.395;251.448;33.5337
608.471;251.578;33.5711
609.548;251.7;33.6121
610.628;251.813;33.6555
611.71;251.92;33.7026
612.794;252.019;33.7817
613.88;252.112;33.8345
614.968;252.2;33.8612
616.058;252.284;33.9178
617.15;252.366;33.9746
618.243;252.445;34.0585
619.339;252.524;34.0859
620.436;252.603;34.1396
621.534;252.683;34.1894
622.634;252.766;34.2389
623.735;252.852;34.3115
624.837;252.942;34.3564
625.941;253.036;34.4002
627.046;253.135;34.4175
628.151;253.238;34.4603
629.258;253.346;34.5291
630.365;253.46;34.5739
631.474;253.578;34.6164
632.583;253.701;34.6631
633.693;253.828;34.7105
634.805;253.959;34.7565
635.917;254.095;34.7812
637.031;254.234;34.8312
638.145;254.377;34.8817
639.261;254.522;34.9587
640.378;254.669;34.9837
641.497;254.817;35.0608
642.617;254.967;35.0856
643.739;255.118;35.1617
644.862;255.268;35.1859
645.986;255.419;35.2359
647.113;255.569;35.3112
648.241;255.719;35.3606
649.37;255.869;35.3844
650.502;256.019;35.4339
651.635;256.168;35.5089
652.769;256.318;35.5328
653.905;256.467;35.582
655.043;256.617;35.6313
656.181;256.769;35.7048
657.322;256.922;35.7292
658.463;257.077;35.8021
659.606;257.234;35.825
660.75;257.394;35.8721
661.896;257.557;35.9186
663.042;257.723;35.9641
664.189;257.893;36.0097
665.337;258.066;36.0555
666.486;258.242;36.1259
667.636;258.423;36.1474
668.787;258.607;36.1937
669.939;258.795;36.2405
671.092;258.987;36.2881
672.246;259.181;36.3361
673.401;259.379;36.4095
674.556;259.579;36.4589
675.713;259.782;36.4838
676.872;259.987;36.5585
678.031;260.193;36.5836
679.192;260.402;36.6336
680.354;260.612;36.6833
681.518;260.822;36.7578
682.683;261.034;36.7828
683.849;261.247;36.8573
685.017;261.461;36.9069
686.187;261.675;36.9318
687.358;261.891;37.0061
688.53;262.108;37.0554
689.703;262.326;37.1041
690.877;262.546;37.1534
692.053;262.767;37.1782
693.231;262.991;37.2263
694.409;263.218;37.2738
695.589;263.448;37.3438
696.768;263.682;37.3885
697.949;263.921;37.409
699.13;264.164;37.4722
700.31;264.413;37.5124
701.491;264.667;37.5298
702.672;264.927;37.5885
703.854;265.194;37.6227
705.034;265.469;37.6552
706.214;265.753;37.6853
707.393;266.045;37.6919
708.57;266.345;37.7373
709.746;266.653;37.7632
710.92;266.969;37.7675
712.094;267.295;37.7874
713.266;267.632;37.8228
714.435;267.98;37.8388
715.601;268.34;37.8523
716.764;268.71;37.8621
717.924;269.091;37.8525
719.08;269.48;37.8642
720.234;269.88;37.8742
721.385;270.293;37.8931
722.533;270.72;37.8849
723.674;271.16;37.8758
724.809;271.614;37.8633
725.939;272.08;37.8298
727.063;272.557;37.8137
728.181;273.045;37.8012
729.295;273.545;37.7994
730.404;274.062;37.7462
731.506;274.594;37.6797
732.597;275.141;37.6599
733.679;275.703;37.6331
734.753;276.277;37.5901
735.818;276.862;37.5374
736.876;277.459;37.5179
737.927;278.069;37.4695
738.969;278.698;37.3991
740.001;279.343;37.3204
741.017;280.004;37.2561
742.022;280.678;37.1956
743.016;281.363;37.1448
743.999;282.058;37.1083
744.974;282.766;37.0716
745.941;283.488;37.0195
746.895;284.23;36.9295
747.834;284.986;36.8589
748.756;285.757;36.8337
749.664;286.538;36.7998
750.559;287.327;36.7625
751.445;288.128;36.7555
752.323;288.939;36.7707
753.189;289.765;36.7309
754.042;290.611;36.7219
754.879;291.468;36.696
755.697;292.336;36.6665
756.503;293.211;36.6879
757.296;294.095;36.6774
758.079;294.987;36.7153
758.853;295.889;36.7271
759.616;296.806;36.7028
760.366;297.74;36.7083
761.097;298.683;36.6749
761.811;299.633;36.6704
762.511;300.592;36.663
763.2;301.558;36.6542
763.876;302.53;36.6578
764.543;303.508;36.636
765.196;304.499;36.5814
765.835;305.504;36.4981
766.453;306.515;36.3985
767.05;307.531;36.3032
767.63;308.551;36.145
768.194;309.577;36.0219
768.742;310.606;35.8605
769.273;311.639;35.6663
769.789;312.675;35.5245
770.285;313.716;35.2882
770.762;314.766;35.0676
771.217;315.817;34.8623
771.648;316.868;34.6093
772.06;317.92;34.3836
772.451;318.974;34.148
772.823;320.029;33.9115
773.174;321.085;33.6987
773.505;322.142;33.4668
773.814;323.2;33.2174
774.098;324.262;32.9336
774.361;325.322;32.6532
774.599;326.377;32.4152
774.815;327.429;32.1664
775.012;328.478;31.9083
775.188;329.524;31.6938
775.344;330.567;31.4693
775.48;331.606;31.2409
775.595;332.641;31.0345
775.689;333.673;30.8395
775.762;334.7;30.6367
775.813;335.724;30.4412
775.842;336.741;30.263
775.85;337.752;30.0991
775.838;338.757;29.9552
775.782;340.253;29.7526
775.683;341.736;29.5765
775.54;343.205;29.4142
775.354;344.659;29.2953
775.126;346.099;29.2087
774.857;347.523;29.1427
774.547;348.931;29.1103
774.199;350.324;29.1299
773.816;351.702;29.1561
773.398;353.068;29.1714
772.947;354.421;29.2483
772.463;355.762;29.3118
771.951;357.093;29.3842
771.413;358.414;29.4403
770.852;359.725;29.4515
770.272;361.027;29.444
769.676;362.321;29.4526
769.064;363.609;29.5152
768.435;364.892;29.5798
767.789;366.171;29.6171
767.126;367.445;29.671
766.446;368.71;29.7216
765.747;369.967;29.7901
765.027;371.216;29.802
764.285;372.454;29.8512
763.52;373.679;29.8687
762.728;374.892;29.8518
761.911;376.088;29.8458
761.069;377.264;29.8536
760.202;378.422;29.8303
759.31;379.56;29.799
758.393;380.676;29.7607
757.448;381.768;29.6928
756.475;382.834;29.6312
755.476;383.874;29.5566
754.451;384.883;29.5027
753.403;385.863;29.4321
752.332;386.813;29.3589
751.238;387.733;29.2654
750.123;388.621;29.1889
748.987;389.477;29.1079
747.828;390.297;29.0135
746.649;391.082;28.9278
745.452;391.827;28.8355
744.24;392.536;28.7445
743.339;393.035;28.6764
742.406;393.526;28.5884
741.439;394.011;28.5025
740.451;394.478;28.4148
739.438;394.928;28.3194
738.409;395.355;28.2104
737.35;395.761;28.0865
736.274;396.143;27.9871
735.176;396.5;27.864
734.069;396.831;27.7578
732.937;397.14;27.6626
731.789;397.422;27.5504
730.621;397.676;27.4403
729.448;397.899;27.3136
728.293;398.086;27.1591
727.132;398.239;27.1219
725.97;398.359;26.994
724.798;398.445;26.9106
723.617;398.499;26.8001
722.435;398.523;26.794
721.263;398.518;26.7126
720.102;398.484;26.709
718.921;398.419;26.6582
717.74;398.325;26.704
716.541;398.199;26.7333
715.342;398.044;26.783
714.13;397.863;26.8665
712.932;397.663;26.9651
711.764;397.456;27.0237
710.614;397.248;27.1653
709.447;397.04;27.2047
708.296;396.847;27.2572
707.14;396.67;27.2992
705.981;396.519;27.2786
704.825;396.394;27.2029
703.679;396.299;27.1286
702.574;396.232;27.0576
701.473;396.191;26.9305
700.383;396.175;26.8087
699.292;396.186;26.6753
698.229;396.222;26.5352
697.171;396.284;26.3953
696.143;396.372;26.2674
695.137;396.487;26.1001
693.711;396.694;25.8848
692.347;396.95;25.7058
691.043;397.244;25.5469
689.812;397.567;25.4337
688.613;397.924;25.2725
687.428;398.32;25.2232
686.266;398.751;25.1792
685.119;399.223;25.1402
683.992;399.729;25.1592
682.888;400.272;25.1919
681.801;400.846;25.2169
680.728;401.448;25.3199
679.668;402.074;25.3699
678.62;402.72;25.5036
677.576;403.386;25.5708
676.534;404.072;25.7008
675.497;404.77;25.7902
674.466;405.476;25.8749
673.437;406.191;25.9244
672.41;406.912;26.004
671.383;407.641;26.0835
670.358;408.38;26.1603
669.333;409.135;26.2469
668.314;409.907;26.2769
667.309;410.691;26.3442
666.318;411.492;26.3717
665.341;412.312;26.3707
664.38;413.152;26.3801
663.436;414.014;26.374
662.513;414.9;26.3721
661.612;415.812;26.3194
660.738;416.745;26.2966
659.894;417.699;26.2392
659.074;418.673;26.22
658.282;419.666;26.1605
657.516;420.68;26.1436
656.779;421.712;26.1102
656.071;422.764;26.0854
655.392;423.836;26.0393
654.745;424.924;26.022
654.128;426.028;26.0375
653.54;427.146;26.0151
652.981;428.278;26.0179
652.45;429.423;26.0254
651.946;430.581;26.0627
651.47;431.751;26.0545
651.021;432.932;26.074
650.599;434.124;26.1246
650.202;435.326;26.1259
649.831;436.537;26.1831
649.486;437.758;26.2176
649.164;438.986;26.2332
648.865;440.223;26.2801
648.589;441.467;26.3286
648.334;442.719;26.3824
648.1;443.976;26.4396
647.886;445.24;26.497
647.69;446.509;26.5583
647.512;447.784;26.6497
647.35;449.065;26.713
647.205;450.35;26.7526
647.074;451.64;26.8473
646.958;452.934;26.9131
646.856;454.233;26.9541
646.767;455.536;27.0504
646.692;456.844;27.0898
646.63;458.155;27.158
646.581;459.47;27.2528
646.546;460.788;27.2923
646.523;462.111;27.3601
646.514;463.437;27.4548
646.517;464.765;27.4951
646.533;466.097;27.5643
646.56;467.432;27.6345
646.598;468.771;27.7328
646.646;470.113;27.806
646.704;471.458;27.8804
646.77;472.806;27.9559
646.843;474.157;28.0044
646.92;475.511;28.0815
647;476.869;28.1857
647.082;478.231;28.2354
647.164;479.596;28.3113
647.245;480.965;28.3866
647.325;482.339;28.4609
647.402;483.715;28.5341
647.477;485.095;28.6346
647.548;486.478;28.7087
647.615;487.866;28.7566
647.679;489.258;28.8569
647.739;490.653;28.9046
647.796;492.052;29.0036
647.849;493.455;29.0763
647.899;494.86;29.1493
647.943;496.27;29.1964
647.983;497.684;29.2688
648.016;499.101;29.3662
648.042;500.522;29.4102
648.062;501.945;29.5019
648.072;503.373;29.5639
648.072;504.804;29.6037
648.058;506.237;29.6846
648.028;507.673;29.7135
647.98;509.112;29.7813
647.914;510.551;29.7957
647.83;511.99;29.8278
647.724;513.431;29.8584
647.594;514.872;29.8653
647.436;516.311;29.8743
647.25;517.747;29.8733
647.036;519.179;29.8679
646.797;520.606;29.8595
646.531;522.027;29.8583
646.235;523.448;29.8442
645.908;524.862;29.8493
645.548;526.265;29.8168
645.156;527.66;29.8334
644.739;529.045;29.8117
644.296;530.42;29.8537
643.827;531.792;29.8747
643.325;533.157;29.8872
642.794;534.509;29.8819
642.236;535.849;29.9383
641.656;537.179;29.948
641.055;538.499;30.024
640.435;539.814;30.0504
639.79;541.124;30.1015
639.119;542.428;30.1741
638.43;543.718;30.2211
637.721;544.998;30.2395
636.995;546.27;30.2846
636.249;547.533;30.3252
635.483;548.788;30.388
634.694;550.034;30.3929
633.882;551.267;30.4099
633.049;552.483;30.4465
632.194;553.684;30.43
631.317;554.87;30.449
630.418;556.038;30.4374
629.494;557.189;30.4147
628.543;558.32;30.376
627.568;559.427;30.306
626.57;560.507;30.2741
625.55;561.563;30.1949
624.506;562.594;30.1484
623.436;563.596;30.0657
622.34;564.569;29.9675
621.224;565.505;29.8597
620.088;566.41;29.7897
618.934;567.284;29.6814
617.761;568.127;29.5859
616.569;568.937;29.4858
615.356;569.711;29.3626
614.126;570.446;29.2565
612.884;571.141;29.1507
611.627;571.801;29.0454
610.358;572.425;28.8931
609.076;573.014;28.8262
607.781;573.564;28.7407
606.474;574.075;28.6391
605.159;574.544;28.5624
603.837;574.977;28.5011
602.507;575.374;28.4268
601.17;575.738;28.4289
599.826;576.07;28.4252
598.474;576.368;28.4393
597.116;576.638;28.4736
595.754;576.88;28.4994
594.387;577.102;28.574
593.016;577.309;28.6892
591.641;577.508;28.7656
590.262;577.707;28.8315
588.88;577.911;28.8825
587.499;578.126;28.8927
586.119;578.354;28.9527
584.74;578.596;28.9604
583.361;578.852;29.0081
581.985;579.123;29.04
580.608;579.409;29.0489
579.232;579.709;29.1181
577.858;580.021;29.1342
576.486;580.344;29.2066
575.114;580.675;29.2433
573.739;581.012;29.2896
572.365;581.353;29.3088
570.987;581.695;29.3546
569.608;582.038;29.3986
568.227;582.379;29.4699
566.843;582.719;29.5114
565.457;583.055;29.524
564.067;583.388;29.5919
562.674;583.715;29.63
561.277;584.036;29.638
559.877;584.349;29.6981
558.474;584.653;29.7285
557.068;584.946;29.7552
555.658;585.227;29.7537
554.242;585.494;29.8004
552.824;585.746;29.8189
551.403;585.983;29.8099
549.978;586.204;29.8503
548.549;586.408;29.84
547.116;586.594;29.8846
545.681;586.763;29.9067
544.241;586.916;29.9277
542.802;587.054;29.9583
541.359;587.179;29.963
539.913;587.292;29.999
538.464;587.394;30.0658
537.013;587.487;30.106
535.559;587.574;30.1164
534.105;587.655;30.1857
532.649;587.733;30.2259
531.19;587.81;30.2657
529.729;587.885;30.2775
528.266;587.96;30.3163
526.801;588.036;30.3829
525.334;588.11;30.3906
523.866;588.184;30.4291
522.397;588.257;30.4939
520.925;588.327;30.5038
519.45;588.395;30.5396
517.974;588.457;30.5742
516.495;588.514;30.6321
515.016;588.564;30.6372
513.536;588.605;30.6677
512.053;588.638;30.7208
510.568;588.659;30.7205
509.082;588.668;30.7438
507.594;588.664;30.7676
506.106;588.647;30.7869
504.619;588.617;30.8101
503.129;588.574;30.8325
501.638;588.517;30.883
500.146;588.446;30.892
498.655;588.363;30.9116
497.161;588.269;30.9416
495.669;588.164;31.0034
494.175;588.052;31.0119
493.178;587.973;31.0364
492.18;587.891;31.0889
491.182;587.808;31.0867
490.183;587.723;31.1118
489.184;587.636;31.1369
488.183;587.549;31.1873
487.182;587.461;31.1841
486.182;587.373;31.2366
485.18;587.286;31.2605
484.177;587.198;31.2574
483.173;587.111;31.3085
482.168;587.024;31.3053
481.162;586.937;31.3559
480.156;586.85;31.3527
479.149;586.763;31.4043
478.14;586.676;31.398
477.132;586.588;31.4486
476.124;586.5;31.4456
475.114;586.411;31.4958
474.104;586.32;31.4924
473.092;586.229;31.5418
472.08;586.136;31.5378
471.068;586.04;31.5599
470.055;585.943;31.6084
469.041;585.844;31.6282
468.028;585.742;31.6232
467.015;585.638;31.646
466;585.532;31.6943
464.985;585.424;31.7156
463.969;585.312;31.7106
462.953;585.198;31.7571
461.937;585.08;31.7517
460.921;584.958;31.7723
459.904;584.834;31.8197
458.886;584.705;31.8093
457.869;584.574;31.8292
456.853;584.439;31.8758
455.836;584.3;31.8947
454.819;584.157;31.8879
453.801;584.009;31.9316
452.783;583.857;31.9239
451.766;583.7;31.9667
450.749;583.538;31.9836
449.733;583.371;32.0003
448.716;583.198;31.9914
447.7;583.021;32.0322
446.685;582.837;32.0226
445.669;582.648;32.0377
444.655;582.453;32.0527
443.641;582.253;32.0928
442.629;582.046;32.1072
441.616;581.833;32.0966
440.605;581.614;32.1355
439.594;581.388;32.1246
438.585;581.156;32.1384
437.576;580.918;32.1782
436.568;580.674;32.1932
435.561;580.423;32.1829
434.556;580.166;32.1981
433.552;579.903;32.2388
432.549;579.633;32.2293
431.547;579.357;32.2706
430.546;579.075;32.2864
429.546;578.786;32.277
428.548;578.491;32.2922
427.551;578.19;32.3311
426.556;577.882;32.3199
425.563;577.567;32.3578
424.571;577.246;32.3468
423.582;576.917;32.3596
422.593;576.582;32.371
421.607;576.239;32.4041
420.623;575.888;32.3883
419.642;575.529;32.4161
418.665;575.163;32.4195
417.69;574.787;32.4209
416.718;574.402;32.3978
415.749;574.006;32.3908
414.784;573.601;32.4015
413.825;573.186;32.3895
412.872;572.761;32.3551
411.923;572.326;32.363
410.98;571.881;32.3483
410.041;571.425;32.3107
409.107;570.96;32.3141
408.178;570.482;32.2707
407.254;569.991;32.2646
406.338;569.489;32.2139
405.409;568.962;32.2118
404.454;568.404;32.1512
403.511;567.838;32.1636
402.575;567.26;32.1182
401.644;566.669;32.094
400.697;566.049;32.0644
399.772;565.422;32.0505
398.83;564.762;31.9894
397.914;564.099;31.9827
396.989;563.409;31.9509
396.073;562.708;31.9214
395.173;561.999;31.8909
394.283;561.279;31.8571
393.407;560.546;31.8177
392.539;559.794;31.7474
391.688;559.033;31.719
390.848;558.255;31.6739
390.014;557.461;31.6076
389.187;556.651;31.5775
388.369;555.826;31.498
387.556;554.98;31.4503
386.754;554.11;31.3499
385.97;553.225;31.2572
385.183;552.302;31.191
384.412;551.366;31.0922
383.652;550.409;31.0186
382.896;549.425;30.9208
382.158;548.423;30.8027
381.448;547.416;30.7023
380.759;546.387;30.5795
380.103;545.362;30.4635
379.487;544.356;30.3523
378.893;543.343;30.2726
378.316;542.319;30.1582
377.756;541.276;30.0818
377.236;540.261;29.9909
376.749;539.257;29.882
376.298;538.275;29.7855
375.875;537.306;29.6964
375.473;536.335;29.623
375.091;535.365;29.5499
374.73;534.401;29.5005
374.39;533.44;29.4364
374.073;532.491;29.3562
373.63;531.062;29.2774
373.23;529.625;29.196
372.869;528.188;29.1304
372.546;526.754;29.0759
372.267;525.356;29.0184
372.024;523.969;28.9925
371.814;522.58;28.9882
371.635;521.188;28.9673
371.487;519.794;28.9467
371.37;518.398;28.934
371.281;517.001;28.9299
371.22;515.603;28.9271
371.184;514.205;28.9045
371.174;512.808;28.9124
371.188;511.409;28.9257
371.226;510.01;28.9717
371.286;508.612;28.9592
371.367;507.214;29.012
371.468;505.816;29.0383
371.586;504.418;29.0676
371.721;503.021;29.1001
371.871;501.623;29.1041
372.036;500.226;29.1402
372.215;498.828;29.1741
372.408;497.431;29.2368
372.614;496.035;29.2662
372.834;494.639;29.2941
373.068;493.244;29.3164
373.319;491.851;29.332
373.588;490.46;29.3378
373.875;489.074;29.3129
374.184;487.691;29.3202
374.513;486.314;29.2972
374.867;484.944;29.2659
375.243;483.581;29.2108
375.645;482.227;29.169
376.071;480.882;29.126
376.523;479.547;29.1075
377;478.221;29.0735
377.501;476.906;29.0512
378.026;475.601;29.0138
378.574;474.306;29.0155
379.144;473.021;29.0486
379.733;471.744;29.0724
380.34;470.474;29.1072
380.962;469.21;29.1356
381.597;467.952;29.1665
382.242;466.695;29.2125
382.893;465.44;29.262
383.548;464.185;29.3367
384.205;462.928;29.3827
384.864;461.669;29.4005
385.523;460.409;29.4725
386.183;459.146;29.519
386.846;457.882;29.5368
387.511;456.617;29.6103
388.182;455.352;29.6536
388.86;454.089;29.6697
389.547;452.828;29.7086
390.244;451.571;29.7718
390.953;450.318;29.7802
391.673;449.069;29.8428
392.406;447.825;29.8792
393.15;446.587;29.8916
393.906;445.352;29.9349
394.672;444.122;30.0083
395.448;442.895;30.0584
396.233;441.671;30.0829
397.025;440.449;30.1656
397.824;439.227;30.1933
398.628;438.007;30.2498
399.436;436.785;30.3061
400.248;435.563;30.3633
401.064;434.34;30.4206
401.886;433.113;30.4754
402.712;431.887;30.5298
403.541;430.662;30.582
404.377;429.439;30.6324
405.22;428.219;30.7052
406.073;427.002;30.7224
406.94;425.789;30.7813
407.823;424.58;30.782
408.718;423.386;30.8228
409.627;422.205;30.8341
410.552;421.036;30.8388
411.495;419.879;30.839
412.455;418.737;30.8344
413.436;417.608;30.8246
414.44;416.495;30.8089
415.459;415.405;30.8013
416.495;414.333;30.7753
417.547;413.277;30.7825
418.614;412.235;30.8058
419.696;411.208;30.8485
420.795;410.193;30.8764
421.91;409.189;30.904
423.032;408.201;30.938
424.162;407.223;30.9452
425.301;406.252;31.0117
426.447;405.286;31.0217
427.213;404.644;31.0755
427.982;404.003;31.0719
428.755;403.362;31.1226
429.53;402.722;31.1164
430.305;402.085;31.1659
431.081;401.448;31.1589
431.857;400.812;31.1799
432.635;400.177;31.2284
433.414;399.542;31.221
434.194;398.908;31.2414
434.976;398.274;31.2616
435.759;397.64;31.2819
436.544;397.006;31.3286
437.331;396.372;31.3195
438.118;395.739;31.3643
438.904;395.107;31.3818
439.691;394.475;31.3717
440.478;393.843;31.3971
441.266;393.21;31.4327
442.053;392.577;31.4225
442.841;391.943;31.466
443.63;391.308;31.4557
444.418;390.672;31.4719
445.207;390.034;31.487
445.995;389.394;31.5272
446.782;388.754;31.541
447.568;388.113;31.5278
448.352;387.47;31.5674
449.136;386.826;31.5803
449.919;386.18;31.5667
450.7;385.532;31.5794
451.481;384.882;31.6187
452.261;384.23;31.6312
453.04;383.576;31.6437
453.818;382.919;31.6554
454.596;382.261;31.6395
455.371;381.601;31.6504
456.144;380.94;31.6612
456.916;380.277;31.6718
457.687;379.612;31.7087
458.457;378.945;31.6925
459.225;378.276;31.7288
459.991;377.604;31.7379
460.756;376.93;31.7461
461.52;376.251;31.7272
462.28;375.57;31.7563
463.036;374.886;31.7591
463.789;374.198;31.7595
464.537;373.506;31.7339
465.281;372.809;31.7517
466.02;372.107;31.745
466.753;371.4;31.7128
467.48;370.687;31.7004
468.201;369.968;31.6848
468.915;369.239;31.6866
469.622;368.504;31.6603
470.318;367.764;31.6116
471.005;367.017;31.6061
471.685;366.263;31.5754
472.356;365.503;31.5219
473.018;364.736;31.4894
473.671;363.963;31.4564
474.314;363.182;31.4459
474.948;362.395;31.39
475.572;361.597;31.3555
476.184;360.793;31.3438
476.784;359.984;31.3135
477.372;359.17;31.2639
477.95;358.35;31.2437
478.521;357.524;31.2482
479.085;356.693;31.2045
479.638;355.857;31.1867
480.183;355.015;31.1945
480.717;354.167;31.1769
481.242;353.311;31.1334
481.755;352.448;31.1307
482.503;351.151;31.0924
483.225;349.847;31.0357
483.928;348.532;31.0015
484.613;347.206;30.9784
485.275;345.87;30.9084
485.909;344.519;30.8598
486.513;343.159;30.7792
487.085;341.797;30.707
487.634;340.43;30.6271
488.159;339.053;30.521
488.66;337.667;30.4194
489.13;336.274;30.3128
489.565;334.875;30.2004
489.967;333.473;30.1077
490.338;332.07;29.9991
490.68;330.662;29.8795
490.992;329.248;29.7391
491.268;327.835;29.6359
491.51;326.42;29.5146
491.719;325.005;29.3936
491.892;323.591;29.2757
492.033;322.178;29.1444
492.139;320.769;29.03
492.212;319.362;28.8886
492.25;317.962;28.7349
492.254;316.568;28.5737
492.224;315.182;28.3946
492.159;313.805;28.2394
492.059;312.437;28.0836
491.925;311.078;27.9246
491.756;309.732;27.7779
491.55;308.397;27.6291
491.309;307.074;27.4905
491.033;305.765;27.3521
490.722;304.471;27.2204
490.377;303.19;27.1038
489.997;301.926;26.9891
489.583;300.679;26.869
489.135;299.448;26.7681
488.655;298.235;26.6787
488.141;297.041;26.6155
487.596;295.865;26.5466
487.02;294.708;26.4702
486.413;293.571;26.4213
485.778;292.453;26.4103
485.115;291.355;26.3887
484.424;290.275;26.3763
483.707;289.213;26.3518
482.966;288.17;26.3633
482.201;287.144;26.4134
481.415;286.133;26.4186
480.608;285.137;26.492
479.782;284.153;26.5115
478.94;283.182;26.5693
478.082;282.221;26.6298
477.211;281.268;26.6938
476.328;280.323;26.7609
475.433;279.384;26.8589
474.529;278.451;26.8928
473.614;277.523;26.9591
472.69;276.601;27.0223
471.755;275.686;27.0829
470.809;274.776;27.1423
469.853;273.874;27.2273
468.884;272.982;27.2779
467.902;272.1;27.2965
466.907;271.23;27.3404
465.897;270.373;27.4056
464.874;269.531;27.4127
463.835;268.704;27.4434
462.78;267.892;27.4695
461.71;267.101;27.5186
460.624;266.328;27.536
459.524;265.575;27.5528
458.411;264.842;27.5488
457.282;264.129;27.595
456.138;263.437;27.5857
454.978;262.77;27.5984
453.803;262.129;27.632
452.615;261.512;27.6388
451.415;260.919;27.6237
450.204;260.351;27.638
448.98;259.806;27.6784
447.741;259.287;27.6644
446.491;258.798;27.6749
445.229;258.337;27.6923
443.957;257.903;27.7113
442.678;257.494;27.7558
441.392;257.109;27.7963
440.095;256.745;27.8374
438.785;256.409;27.8451
437.468;256.1;27.9145
436.144;255.819;27.9562
434.814;255.564;27.995
433.479;255.331;28.0071
432.141;255.12;28.054
430.797;254.929;28.1256
429.44;254.766;28.1558
428.079;254.633;28.1523
426.719;254.531;28.1636
425.357;254.458;28.1781
423.994;254.413;28.1494
422.633;254.393;28.133
421.273;254.401;28.1047
419.908;254.442;28.0559
418.546;254.519;27.9812
417.194;254.635;27.9262
415.849;254.786;27.8671
414.509;254.969;27.8143
413.178;255.181;27.7739
411.854;255.423;27.7361
410.535;255.697;27.7073
409.219;256.008;27.6708
407.917;256.354;27.6718
406.628;256.733;27.673
405.349;257.142;27.6899
404.078;257.578;27.7162
402.815;258.036;27.7585
401.559;258.518;27.7904
400.305;259.027;27.8699
399.058;259.558;27.9179
397.823;260.11;27.96
396.594;260.68;28.0495
395.369;261.268;28.0859
394.149;261.871;28.1472
392.935;262.489;28.2103
391.724;263.124;28.2912
390.516;263.78;28.3343
389.321;264.457;28.352
388.138;265.155;28.4013
386.967;265.874;28.3966
385.81;266.616;28.4109
384.668;267.381;28.3829
383.543;268.17;28.3594
382.436;268.988;28.2984
381.351;269.831;28.2386
380.294;270.7;28.1699
379.261;271.593;28.0958
378.253;272.51;28.0224
377.271;273.451;27.9528
376.315;274.414;27.8885
375.386;275.4;27.8234
374.483;276.411;27.7806
373.609;277.443;27.7697
372.763;278.496;27.7671
371.943;279.568;27.7845
371.145;280.658;27.7969
370.37;281.764;27.8481
369.613;282.885;27.9447
368.871;284.02;27.9982
368.139;285.166;28.0833
367.416;286.32;28.1692
366.694;287.48;28.2518
365.971;288.643;28.3291
365.243;289.807;28.4307
364.509;290.972;28.502
363.77;292.137;28.5732
363.022;293.303;28.6167
362.269;294.47;28.6883
361.513;295.636;28.7621
360.755;296.804;28.8643
359.996;297.977;28.9152
359.239;299.156;28.9886
358.487;300.342;29.0579
357.742;301.537;29.1468
357.007;302.743;29.1804
356.284;303.959;29.259
355.576;305.184;29.3135
354.879;306.42;29.369
354.194;307.666;29.4277
353.52;308.922;29.4918
352.857;310.187;29.5338
352.204;311.462;29.6081
351.559;312.746;29.7145
350.92;314.035;29.764
350.283;315.328;29.873
349.644;316.625;29.9513
349.001;317.925;29.9983
348.351;319.225;30.0703
347.692;320.524;30.1391
347.025;321.824;30.2044
346.348;323.123;30.2964
345.663;324.418;30.3636
344.967;325.713;30.432
344.26;327.006;30.4742
343.543;328.297;30.5464
342.819;329.588;30.6387
342.09;330.877;30.6504
341.356;332.166;30.6454
340.621;333.454;30.6351
339.883;334.74;30.6954
339.143;336.029;30.7389
338.403;337.321;30.8084
337.663;338.616;30.9002
336.926;339.914;30.9695
336.189;341.221;31.0382
335.697;342.097;31.0825
335.206;342.973;31.1274
334.717;343.849;31.1459
334.228;344.728;31.1906
333.739;345.609;31.2613
333.251;346.491;31.303
332.764;347.374;31.3477
332.278;348.259;31.3669
331.792;349.145;31.4135
331.305;350.035;31.4595
330.816;350.929;31.5296
330.325;351.824;31.573
329.835;352.717;31.6172
329.344;353.611;31.6344
328.852;354.506;31.7039
328.359;355.402;31.7469
327.864;356.298;31.7624
327.368;357.194;31.805
326.871;358.091;31.8475
326.37;358.988;31.9143
325.864;359.888;31.9536
325.354;360.788;31.9898
324.839;361.684;32.0249
324.32;362.577;32.0337
323.796;363.469;32.0655
323.266;364.358;32.1183
322.729;365.244;32.1209
322.187;366.127;32.1418
321.639;367.007;32.1846
321.084;367.883;32.1806
320.518;368.758;32.1917
319.942;369.629;32.2158
319.357;370.491;32.2173
318.762;371.344;32.1953
318.157;372.19;32.2111
317.542;373.029;32.1819
316.918;373.861;32.1907
316.283;374.684;32.1562
315.639;375.501;32.1625
314.986;376.309;32.1276
314.319;377.109;32.1285
313.641;377.901;32.1007
312.952;378.681;32.0715
312.253;379.448;32.0258
311.543;380.204;32.0003
310.824;380.95;31.9943
310.094;381.685;31.9667
309.355;382.409;31.9183
308.606;383.122;31.9097
307.848;383.824;31.8647
307.081;384.515;31.862
306.302;385.194;31.8122
305.514;385.86;31.7789
304.718;386.513;31.7712
303.914;387.154;31.7487
303.101;387.782;31.705
302.28;388.399;31.6966
301.452;389.004;31.6529
300.615;389.597;31.6459
299.771;390.177;31.5967
298.919;390.745;31.5699
298.059;391.299;31.5453
297.192;391.841;31.5374
296.318;392.369;31.4919
295.436;392.884;31.4888
294.547;393.385;31.4619
293.652;393.872;31.4148
292.75;394.346;31.4114
291.842;394.805;31.3672
290.927;395.25;31.3612
290.007;395.682;31.339
289.081;396.098;31.3188
288.149;396.5;31.2997
287.212;396.888;31.2604
286.269;397.262;31.274
285.321;397.622;31.267
284.369;397.967;31.2377
283.412;398.299;31.2658
282.45;398.617;31.2737
281.484;398.922;31.2581
280.513;399.214;31.2767
279.539;399.493;31.3318
278.561;399.761;31.3634
277.578;400.017;31.3715
276.593;400.262;31.4471
275.603;400.497;31.4983
274.611;400.723;31.5541
273.615;400.941;31.583
272.616;401.154;31.648
271.614;401.361;31.7473
270.61;401.566;31.8116
269.604;401.768;31.8748
268.596;401.971;31.9342
267.586;402.176;31.9604
266.576;402.384;32.0386
265.565;402.597;32.0567
264.553;402.815;32.1246
263.541;403.039;32.1626
262.53;403.269;32.199
261.519;403.506;32.234
260.508;403.75;32.2425
259.497;404.001;32.3056
258.487;404.259;32.3434
257.478;404.525;32.3567
256.469;404.797;32.3994
255.46;405.075;32.4723
254.451;405.359;32.4924
253.443;405.649;32.5703
252.434;405.944;32.621
251.425;406.242;32.6482
250.415;406.544;32.7295
249.404;406.848;32.7558
248.392;407.154;32.8366
247.378;407.46;32.8615
246.363;407.767;32.9398
245.346;408.072;32.9625
244.327;408.376;33.0379
243.305;408.678;33.0588
242.281;408.978;33.1058
241.255;409.276;33.1759
240.227;409.571;33.1991
239.196;409.863;33.2695
238.163;410.153;33.319
237.128;410.439;33.3397
236.09;410.723;33.4139
235.05;411.005;33.4619
234.008;411.285;33.4841
232.964;411.563;33.5593
231.918;411.839;33.5825
230.87;412.114;33.6572
229.82;412.388;33.7067
228.768;412.661;33.7298
227.715;412.935;33.7787
226.66;413.208;33.8533
225.603;413.481;33.8761
224.545;413.756;33.9244
223.486;414.031;33.9726
222.425;414.307;34.0461
221.363;414.584;34.0934
220.3;414.863;34.141
219.236;415.143;34.1884
218.17;415.425;34.2356
217.103;415.708;34.2575
216.035;415.994;34.33
214.966;416.28;34.3519
213.896;416.569;34.3992
212.825;416.859;34.4722
211.752;417.15;34.5189
210.679;417.443;34.5666
209.604;417.737;34.589
208.528;418.032;34.6365
207.451;418.328;34.6839
206.372;418.624;34.7568
205.291;418.922;34.7789
204.209;419.219;34.8517
203.126;419.517;34.8736
202.041;419.814;34.9208
200.954;420.112;34.9935
199.866;420.408;35.0155
198.776;420.705;35.0876
197.684;421;35.1089
196.59;421.293;35.1552
195.495;421.586;35.2261
194.397;421.876;35.2693
193.297;422.164;35.3165
192.195;422.449;35.3605
191.09;422.731;35.3795
189.984;423.01;35.4478
188.875;423.286;35.466
187.764;423.559;35.5086
186.65;423.828;35.5514
185.534;424.093;35.5941
184.416;424.354;35.6372
183.296;424.611;35.6806
182.173;424.865;35.7495
181.048;425.115;35.7942
179.921;425.362;35.8142
178.791;425.606;35.8601
177.66;425.847;35.9068
176.526;426.086;35.9794
175.391;426.322;36.0014
174.253;426.556;36.0745
173.114;426.789;36.097
171.973;427.021;36.17
170.83;427.252;36.1924
169.686;427.482;36.2653
168.54;427.713;36.3126
167.392;427.943;36.3599
166.243;428.174;36.407
165.093;428.405;36.4539
163.941;428.637;36.4758
162.788;428.869;36.5227
161.633;429.102;36.5944
160.477;429.336;36.6163
159.319;429.571;36.6881
158.161;429.806;36.735
157;430.041;36.7818
155.838;430.277;36.8286
154.675;430.513;36.8504
153.51;430.749;36.9221
152.344;430.985;36.9437
151.176;431.22;36.9901
150.006;431.455;37.0614
148.834;431.688;37.0825
147.661;431.921;37.1533
146.486;432.152;37.199
145.31;432.382;37.2196
144.131;432.611;37.2895
142.951;432.837;37.3339
141.769;433.061;37.3782
140.585;433.282;37.3976
139.398;433.5;37.441
138.21;433.716;37.4843
137.02;433.929;37.5273
135.828;434.138;37.57
134.634;434.344;37.6367
133.438;434.546;37.6786
132.24;434.744;37.6956
131.039;434.938;37.7612
129.837;435.127;37.7778
128.633;435.312;37.8427
127.426;435.493;37.8834
126.218;435.669;37.8996
125.008;435.84;37.9403
123.795;436.007;38.0057
122.581;436.169;38.0466
121.365;436.327;38.0888
120.147;436.48;38.1313
118.927;436.629;38.1496
117.705;436.774;38.1935
116.481;436.916;38.2382
115.255;437.054;38.2836
114.028;437.189;38.3548
112.798;437.321;38.401
111.568;437.451;38.423
110.335;437.58;38.4953
109.101;437.707;38.5424
107.865;437.833;38.5644
106.628;437.959;38.6112
105.389;438.085;38.6825
104.149;438.211;38.7037
102.907;438.339;38.7741
101.664;438.467;38.8194
100.42;438.597;38.84
99.1745;438.727;38.91
97.9273;438.858;38.9554
96.6788;438.99;38.9763
95.4288;439.122;39.022
94.1774;439.254;39.0677
92.9244;439.385;39.1372
91.67;439.515;39.1814
90.4139;439.643;39.2006
89.1559;439.768;39.2423
87.8963;439.889;39.282
86.6351;440.006;39.3427
85.3721;440.118;39.3778
84.1075;440.225;39.3878
82.8412;440.325;39.4419
81.5733;440.419;39.4477
80.3038;440.506;39.4877
79.0329;440.585;39.5223
77.7605;440.656;39.546
76.4868;440.718;39.5462
75.2118;440.772;39.5685
73.9356;440.818;39.6136
72.6582;440.854;39.6136
71.3797;440.881;39.6597
70.1003;440.899;39.6609
68.82;440.908;39.6865
67.5389;440.908;39.713
66.2569;440.899;39.7406
64.974;440.881;39.7695
63.6904;440.855;39.8005
62.406;440.819;39.8571
61.1208;440.776;39.8678
59.8349;440.724;39.9038
58.5485;440.665;39.9418
57.2613;440.598;40.0055
55.9732;440.524;40.0213
54.6844;440.444;40.0626
53.3946;440.357;40.1284
52.1041;440.263;40.1698
50.8125;440.164;40.2108
49.5203;440.059;40.2276
48.228;439.947;40.2681
46.9347;439.83;40.3306
45.6407;439.707;40.3684
44.3459;439.578;40.4049
43.0506;439.442;40.4394
41.7549;439.299;40.4494
40.4586;439.149;40.4803
39.1624;438.991;40.507
37.867;438.825;40.5324
36.5715;438.651;40.5543
35.2761;438.468;40.5726
33.9813;438.275;40.6097
32.687;438.073;40.6018
31.3938;437.86;40.6131
30.101;437.637;40.6232
28.8101;437.404;40.6542
27.5215;437.161;40.6435
26.2334;436.907;40.6531
24.9469;436.643;40.6642
23.6618;436.368;40.6781
22.3783;436.083;40.6951
21.0968;435.787;40.7165
19.8162;435.48;40.7659
18.5378;435.165;40.7976
17.2617;434.84;40.8349
15.9859;434.508;40.875
14.7111;434.167;40.8937
13.4368;433.82;40.9422
12.1628;433.466;41.0191
10.8886;433.106;41.0457
9.61425;432.742;41.097
8.34078;432.375;41.1491
7.06602;432.006;41.1994
5.78992;431.635;41.2734
4.51243;431.264;41.2935
3.23308;430.893;41.3381
1.95193;430.522;41.3811
0.669345;430.153;41.4238
-0.615529;429.784;41.4921
-1.90187;429.416;41.5096
-3.18899;429.047;41.5774
-4.47695;428.678;41.62
-5.76577;428.308;41.6628
-7.05539;427.934;41.6806
-8.34524;427.557;41.7174
-9.63644;427.173;41.7477
-10.9255;426.783;41.7687
-12.2121;426.384;41.7794
-13.4963;425.976;41.7775
-14.7773;425.558;41.7745
-16.0545;425.128;41.73
-17.3272;424.686;41.6917
-18.5957;424.23;41.6213
-19.8582;423.76;41.5269
-21.1118;423.276;41.4284
-22.3572;422.777;41.3155
-23.5946;422.265;41.1871
-24.8234;421.738;41.0444
-26.0431;421.196;40.8874
-27.2531;420.638;40.7051
-28.4521;420.062;40.5008
-29.637;419.47;40.2965
-30.8076;418.863;40.1102
-31.9662;418.242;39.9216
-33.1132;417.608;39.7327
-34.2482;416.96;39.5423
-35.3704;416.298;39.3372
-36.4793;415.621;39.1292
-37.573;414.924;38.887
-38.6489;414.214;38.6537
-39.705;413.488;38.4518
-40.7453;412.749;38.256
-41.7701;411.997;38.0743
-42.7794;411.233;37.8848
-43.7705;410.454;37.6571
-44.7434;409.656;37.4072
-45.6973;408.845;37.1442
-46.6263;408.023;36.9358
-47.536;407.189;36.7303
-48.4279;406.344;36.5435
-49.302;405.489;36.3639
-50.1581;404.624;36.2072
-50.9962;403.748;36.031
-51.8164;402.861;35.8792
-52.6142;401.957;35.6602
-53.3891;401.043;35.4631
-54.1355;400.122;35.3396
-54.86;399.193;35.2594
-55.5656;398.256;35.1538
-56.2534;397.312;35.0905
-56.9241;396.362;35.0055
-57.5765;395.399;34.9242
-58.2053;394.423;34.7863
-58.8126;393.443;34.6662
-59.3932;392.459;34.5946
-59.9538;391.47;34.5541
-60.4967;390.477;34.4842
-61.0243;389.48;34.4645
-61.5365;388.478;34.4253
-62.0345;387.471;34.3829
-62.5127;386.451;34.3005
-62.9731;385.425;34.2313
-63.411;384.399;34.1678
-63.8283;383.371;34.0985
-64.2295;382.34;34.0511
-64.6158;381.306;34.0125
-64.9886;380.27;33.9946
-65.3474;379.23;33.9412
-65.6924;378.185;33.929
-66.02;377.133;33.8608
-66.3317;376.078;33.835
-66.6253;375.024;33.775
-66.903;373.968;33.7461
-67.1667;372.91;33.7477
-67.4172;371.849;33.7026
-67.6548;370.786;33.6921
-67.8803;369.721;33.7177
-68.0931;368.653;33.7203
-68.2938;367.583;33.7273
-68.4831;366.512;33.7086
-68.6615;365.439;33.761
-68.8308;364.364;33.7842
-68.9919;363.288;33.8127
-69.1459;362.211;33.8457
-69.2946;361.132;33.8799
-69.4393;360.052;33.9141
-69.5815;358.97;33.9476
-69.723;357.888;33.9777
-69.8657;356.805;34.0018
-70.0115;355.722;33.9995
-70.1617;354.639;34.0312
-70.318;353.556;34.0083
-70.4821;352.474;34.0037
-70.6538;351.394;34.0095
-70.8354;350.315;33.9622
-71.027;349.239;33.9435
-71.2285;348.165;33.8956
-71.4423;347.094;33.8362
-71.667;346.027;33.7484
-71.904;344.964;33.6844
-72.154;343.905;33.5795
-72.4161;342.851;33.4238
-72.6913;341.803;33.3667
-72.9804;340.761;33.25
-73.2815;339.725;33.109
-73.5974;338.697;32.9671
-73.9279;337.676;32.8108
-74.2712;336.663;32.651
-74.63;335.661;32.4845
-75.004;334.667;32.3035
-75.3908;333.683;32.1226
-75.7931;332.711;31.9412
-76.2104;331.749;31.7461
-76.6406;330.798;31.5563
-77.0853;329.86;31.3673
-77.5451;328.934;31.1682
-78.0187;328.02;30.9705
-78.5051;327.119;30.7795
-79.0061;326.233;30.5893
-79.5214;325.359;30.3872
-80.05;324.501;30.1899
-80.5922;323.658;29.9978
-81.4311;322.423;29.714
-82.2998;321.223;29.4312
-83.1973;320.063;29.0625
-84.1224;318.941;28.8892
-85.0739;317.859;28.6338
-86.0508;316.818;28.3892
-87.0519;315.818;28.1491
-88.0759;314.859;27.9396
-89.1215;313.942;27.7403
-90.1876;313.066;27.5608
-91.2732;312.232;27.3868
-92.3773;311.437;27.2747
-93.4989;310.682;27.1546
-94.6376;309.965;27.1251
-95.7924;309.284;27.0832
-96.9624;308.638;27.1187
-98.1471;308.022;27.2417
-99.3452;307.432;27.3707
-100.555;306.861;27.4886
-101.772;306.297;27.6614
-102.989;305.727;27.7275
-104.198;305.137;27.7441
-105.393;304.521;27.6932
-106.569;303.877;27.5551
-107.723;303.203;27.3418
-108.853;302.499;27.0914
-109.956;301.766;26.8253
-111.029;301.005;26.5345
-112.072;300.214;26.244
-113.083;299.397;25.9797
-114.061;298.553;25.7233
-115.007;297.685;25.5409
-115.919;296.792;25.4514
-116.8;295.876;25.3998
-117.65;294.938;25.3835
-118.472;293.979;25.4796
-119.27;293.001;25.681
-120.051;292.008;25.8818
-120.824;291.005;26.0718
-121.601;290.002;26.1721
-122.394;289.009;26.207
-123.209;288.036;26.1486
-124.05;287.088;26.0255
-124.915;286.168;25.8049
-125.804;285.278;25.5588
-126.715;284.423;25.2944
-127.646;283.6;25.021
-128.598;282.813;24.7825
-129.569;282.063;24.521
-130.558;281.351;24.3533
-131.564;280.675;24.2056
-132.587;280.037;24.082
-133.625;279.435;24.0526
-134.677;278.867;24.1362
-135.743;278.328;24.2042
-136.821;277.816;24.4006
-137.911;277.323;24.5404
-139.009;276.842;24.7077
-140.111;276.359;24.8303
-141.21;275.863;24.9249
-142.302;275.347;24.9468
-143.384;274.809;24.9116
-144.454;274.247;24.9178
-145.512;273.66;24.8682
-146.556;273.051;24.8911
-147.588;272.418;24.8718
-148.607;271.764;24.9083
-149.614;271.09;24.9692
-150.613;270.398;25.0494
-151.605;269.693;25.1399
-152.594;268.977;25.2315
-153.583;268.256;25.3165
-154.577;267.534;25.4226
-155.576;266.815;25.4886
-156.583;266.101;25.5494
-157.597;265.394;25.5786
-158.62;264.693;25.6681
-159.65;263.997;25.7004
-160.688;263.308;25.7932
-161.732;262.623;25.8293
-162.782;261.941;25.9243
-163.838;261.261;25.9905
-164.897;260.582;26.028
-165.959;259.902;26.0934
-167.024;259.22;26.1578
-168.091;258.535;26.2217
-169.159;257.847;26.285
-170.229;257.156;26.3752
-171.301;256.462;26.4378
-172.374;255.764;26.4732
-173.448;255.062;26.5353
-174.523;254.357;26.5973
-175.599;253.648;26.6592
-176.677;252.935;26.7211
-177.756;252.22;26.8099
-178.838;251.503;26.8717
-179.921;250.783;26.9067
-181.007;250.061;26.9952
-182.095;249.337;27.0568
-183.186;248.612;27.1183
-184.28;247.886;27.1528
-185.377;247.159;27.2408
-186.476;246.431;27.2753
-187.579;245.703;27.3364
-188.685;244.973;27.3975
-189.793;244.243;27.4586
-190.905;243.512;27.5462
-192.02;242.779;27.5806
-193.137;242.046;27.6415
-194.257;241.311;27.7024
-195.379;240.575;27.7632
-196.504;239.836;27.8504
-197.63;239.096;27.9108
-198.759;238.352;27.9705
-199.888;237.605;28.0302
-201.018;236.853;28.0634
-202.147;236.096;28.1209
-203.275;235.332;28.2
-204.4;234.559;28.2516
-205.521;233.775;28.2964
-206.635;232.979;28.3152
-207.742;232.169;28.3508
-208.839;231.343;28.4015
-209.926;230.501;28.4039
-211;229.641;28.4219
-212.061;228.763;28.4365
-213.108;227.866;28.4492
-214.14;226.951;28.484
-215.156;226.018;28.5011
-216.158;225.067;28.5246
-217.145;224.098;28.5306
-218.118;223.114;28.5973
-219.079;222.115;28.6201
-220.029;221.102;28.6759
-220.969;220.077;28.7366
-221.902;219.042;28.8006
-222.829;217.999;28.8666
-223.755;216.949;28.9608
-224.68;215.895;29.0258
-225.607;214.839;29.0888
-226.537;213.782;29.1424
-227.473;212.725;29.1818
-228.414;211.669;29.2679
-229.359;210.614;29.327
-230.31;209.559;29.3796
-231.264;208.504;29.4203
-232.221;207.447;29.4813
-233.18;206.389;29.568
-234.139;205.326;29.626
-235.096;204.258;29.6567
-236.049;203.183;29.7098
-236.997;202.099;29.7576
-237.936;201.006;29.8229
-238.866;199.902;29.8599
-239.784;198.785;29.8917
-240.689;197.656;29.9182
-241.579;196.514;29.9398
-242.453;195.357;29.957
-243.31;194.187;29.9493
-244.148;193.002;29.9596
-244.966;191.802;29.9886
-245.764;190.588;29.9966
-246.542;189.36;29.9837
-247.298;188.118;29.9958
-248.034;186.862;30.0115
-248.748;185.594;30.0541
-249.442;184.313;30.0788
-250.115;183.02;30.0948
-250.77;181.715;30.1208
-251.406;180.4;30.1892
-252.026;179.075;30.2109
-252.63;177.741;30.2873
-253.22;176.397;30.3392
-253.795;175.046;30.3927
-254.359;173.686;30.4473
-254.911;172.319;30.5022
-255.453;170.945;30.5568
-255.984;169.565;30.6081
-256.503;168.177;30.6582
-257.011;166.782;30.6818
-257.506;165.381;30.7282
-257.988;163.972;30.7967
-258.456;162.557;30.8367
-258.909;161.135;30.8614
-259.345;159.705;30.9095
-259.764;158.268;30.9198
-260.167;156.825;30.9635
-260.551;155.375;31.0116
-260.797;154.405;31.0093
-261.036;153.432;31.0572
-261.266;152.456;31.0808
-261.488;151.478;31.0796
-261.702;150.497;31.1271
-261.908;149.513;31.1498
-262.105;148.527;31.1492
-262.294;147.539;31.1978
-262.475;146.548;31.2209
-262.647;145.555;31.2194
-262.811;144.56;31.2413
-262.966;143.563;31.2634
-263.113;142.564;31.3101
-263.251;141.563;31.3176
-263.38;140.56;31.3523
-263.501;139.555;31.3582
-263.612;138.549;31.3691
-263.715;137.541;31.4153
-263.81;136.531;31.4116
-263.895;135.52;31.4572
-263.971;134.507;31.4778
-264.038;133.493;31.486
-264.096;132.478;31.5224
-264.146;131.461;31.5195
-264.187;130.444;31.5666
-264.218;129.425;31.588
-264.241;128.406;31.6088
-264.254;127.386;31.6058
-264.259;126.365;31.6526
-264.254;125.343;31.6489
-264.241;124.321;31.6696
-264.218;123.298;31.7141
-264.186;122.275;31.7354
-264.144;121.251;31.7309
-264.094;120.227;31.776
-264.034;119.203;31.7705
-263.965;118.179;31.8137
-263.887;117.155;31.808
-263.799;116.131;31.8526
-263.702;115.108;31.8466
-263.595;114.084;31.8652
-263.479;113.061;31.8833
-263.353;112.039;31.9258
-263.217;111.017;31.9193
-263.072;109.996;31.9646
-262.918;108.976;31.959
-262.754;107.956;32.0056
-262.582;106.937;32.0013
-262.4;105.919;32.0507
-262.21;104.902;32.0629
-262.011;103.886;32.0762
-261.804;102.87;32.1322
-261.59;101.855;32.1627
-261.368;100.841;32.1945
-261.139;99.8268;32.2004
-260.903;98.8136;32.2348
-260.66;97.8009;32.2969
-260.412;96.7886;32.3323
-260.158;95.7767;32.3407
-259.897;94.7651;32.4018
-259.631;93.7541;32.4092
-259.36;92.7434;32.4697
-259.083;91.7331;32.4764
-258.8;90.7235;32.5074
-258.51;89.7146;32.5613
-258.214;88.7068;32.5878
-257.911;87.7001;32.613
-257.601;86.6948;32.6364
-257.283;85.691;32.6331
-256.957;84.6891;32.6503
-256.622;83.6895;32.6866
-256.278;82.6925;32.6961
-255.925;81.6985;32.7029
-255.561;80.7076;32.6847
-255.187;79.7201;32.7085
-254.803;78.7364;32.6844
-254.408;77.7568;32.7021
-254.002;76.7817;32.6733
-253.585;75.8113;32.6872
-253.156;74.846;32.6784
-252.717;73.8857;32.6703
-252.266;72.9306;32.6633
-251.803;71.981;32.6335
-251.33;71.0368;32.6547
-250.846;70.0982;32.6543
-250.351;69.1653;32.6357
-249.845;68.2378;32.6394
-249.329;67.3158;32.6601
-248.803;66.399;32.6672
-248.267;65.4877;32.6861
-247.722;64.5815;32.7081
-247.167;63.6804;32.7329
-246.604;62.784;32.7879
-246.033;61.892;32.8181
-245.453;61.0043;32.8503
-244.867;60.1203;32.8561
-244.273;59.24;32.9192
-243.673;58.3628;32.9275
-243.067;57.4884;32.9649
-242.456;56.6164;33.0313
-241.84;55.7467;33.0415
-241.218;54.8789;33.0798
-240.593;54.0129;33.1454
-239.963;53.1487;33.1824
-239.329;52.2863;33.1917
-238.69;51.4254;33.2554
-238.048;50.5661;33.264
-237.401;49.7088;33.324
-236.75;48.8537;33.3559
-236.093;48.0011;33.3608
-235.432;47.1515;33.4129
-234.764;46.3054;33.4136
-234.09;45.4628;33.4375
-233.41;44.6244;33.4667
-232.724;43.7907;33.4968
-232.03;42.9623;33.4862
-231.328;42.1396;33.4947
-230.618;41.3232;33.5218
-229.901;40.5135;33.5007
-229.175;39.7107;33.5238
-228.441;38.9151;33.5215
-227.698;38.1272;33.4944
-226.947;37.3472;33.4893
-226.187;36.5754;33.4835
-225.419;35.8121;33.5007
-224.643;35.0575;33.4958
-223.858;34.3116;33.4929
-223.064;33.5744;33.4673
-222.263;32.846;33.4921
-221.453;32.1267;33.4702
-220.635;31.4163;33.4997
-219.81;30.7148;33.4821
-218.977;30.0221;33.5179
-218.137;29.3379;33.5063
-217.289;28.662;33.5236
-216.435;27.9942;33.5437
-215.574;27.3343;33.5923
-214.706;26.6821;33.6164
-213.832;26.0374;33.6418
-212.952;25.3999;33.6421
-212.066;24.7696;33.6688
-211.175;24.1459;33.6978
-210.278;23.5285;33.7265
-209.376;22.9175;33.7552
-208.468;22.3128;33.8093
-207.556;21.7143;33.8369
-206.639;21.122;33.8639
-205.716;20.5358;33.8909
-204.789;19.9555;33.9179
-203.857;19.3813;33.9182
-202.921;18.8132;33.9436
-201.979;18.2514;33.993
-201.033;17.6964;33.9905
-200.082;17.1482;34.0361
-199.126;16.6072;34.0305
-198.166;16.0734;34.0747
-197.2;15.547;34.0674
-196.23;15.0284;34.1065
-195.254;14.5182;34.0955
-194.274;14.0165;34.129
-193.289;13.5239;34.1137
-192.298;13.0407;34.1191
-191.303;12.5671;34.1456
-190.302;12.1034;34.1249
-189.297;11.6496;34.1489
-188.287;11.2063;34.1475
-187.273;10.7737;34.1218
-186.253;10.3522;34.1389
-185.229;9.94219;34.1314
-184.201;9.54391;34.1216
-183.168;9.15766;34.0837
-182.13;8.78348;34.0998
-181.089;8.42156;34.0653
-180.044;8.07211;34.0741
-178.995;7.73539;34.0379
-177.942;7.41152;34.0453
-176.885;7.10074;34.03
-175.825;6.80312;34.0145
-174.762;6.51883;33.9998
-173.696;6.24773;33.9867
-172.627;5.98984;33.9747
-171.555;5.74523;33.9636
-170.48;5.51398;33.9302
-169.403;5.29609;33.9212
-168.324;5.09168;33.9133
-167.242;4.90062;33.9295
-166.159;4.72297;33.9005
-165.073;4.55859;33.923
-163.874;4.39262;33.9245
-162.633;4.23766;33.9268
-161.39;4.0991;33.904
-160.136;3.97582;33.9435
-158.869;3.86766;33.9566
-157.581;3.77406;33.9434
-156.266;3.69492;33.9652
-154.983;3.63281;33.9906
-153.678;3.58422;34.0208
-152.374;3.54945;34.0879
-151.073;3.5277;34.0923
-149.779;3.51781;34.1662
-148.489;3.5184;34.1764
-147.175;3.52844;34.2237
-145.884;3.54613;34.2722
-144.564;3.5707;34.3574
-143.236;3.60047;34.4095
-141.932;3.63297;34.426
-140.626;3.66715;34.5091
-139.297;3.70203;34.5569
-137.99;3.73496;34.5693
-136.684;3.76535;34.6325
-135.416;3.79152;34.6524
-134.146;3.81371;34.6909
-132.892;3.83109;34.7277
-131.622;3.84375;34.795
-130.349;3.85117;34.8009
-129.116;3.85336;34.8659
-127.879;3.85055;34.8724
-126.665;3.84305;34.9084
-125.435;3.83086;34.9747
-124.209;3.81441;35.0116
-123.004;3.79453;35.0491
-121.806;3.77148;35.0592
-120.593;3.74527;35.0981
-119.376;3.71656;35.1659
-118.162;3.68609;35.1956
-116.974;3.65496;35.2423
-115.782;3.62289;35.2523
-114.575;3.59004;35.318
-113.372;3.55727;35.3556
-112.146;3.52434;35.3656
-110.955;3.49297;35.4295
-109.763;3.46246;35.4654
-108.566;3.43293;35.4743
-107.354;3.40422;35.5378
-106.156;3.37707;35.5739
-104.937;3.35078;35.6104
-103.722;3.32586;35.6468
-102.503;3.30215;35.682
-101.314;3.28008;35.7178
-100.113;3.25883;35.7527
-98.9258;3.23875;35.7613
-97.7412;3.21949;35.8228
-96.5558;3.20086;35.8576
-95.3722;3.18285;35.8832
-94.2012;3.16543;35.9004
-93.0163;3.14809;35.9612
-91.8201;3.13082;35.9958
-90.6453;3.11398;36.0298
-89.4744;3.09723;36.0379
-88.3024;3.08043;36.098
-87.1106;3.06324;36.1331
-85.905;3.04574;36.1663
-84.7343;3.02859;36.2002
-83.5466;3.01098;36.2342
-82.3546;2.99312;36.2422
-81.1817;2.97531;36.3011
-80.0108;2.9573;36.3254
-78.8389;2.9391;36.3675
-77.6651;2.92062;36.3752
-76.484;2.90184;36.4085
-75.3056;2.88293;36.4671
-74.1294;2.86395;36.4912
-72.9521;2.84469;36.5331
-71.7738;2.82531;36.5571
-70.5944;2.80586;36.5735
-69.4139;2.78625;36.6228
-68.2324;2.76656;36.6392
-67.0499;2.74676;36.6974
-65.8662;2.72695;36.7048
-64.6816;2.70703;36.7629
-63.4958;2.68707;36.7702
-62.309;2.66711;36.8282
-61.1212;2.64715;36.8609
-59.9323;2.62719;36.8934
-58.7424;2.60727;36.9007
-57.5514;2.5873;36.9585
-56.3593;2.56734;36.991
-55.1663;2.54742;37.0234
-53.9721;2.52754;37.0559
-52.7769;2.5077;37.0629
-51.5807;2.48789;37.0953
-50.3835;2.46812;37.1276
-49.1852;2.44836;37.1852
-47.9858;2.42871;37.2174
-46.7854;2.4091;37.2497
-45.584;2.38949;37.2818
-44.3815;2.36996;37.2887
-43.178;2.35043;37.3209
-41.9734;2.3309;37.3782
-40.7679;2.31141;37.4103
-39.5612;2.29195;37.4171
-38.3536;2.2725;37.4743
-37.1449;2.25305;37.5063
-35.9352;2.23359;37.5383
-34.7245;2.21414;37.5702
-33.5127;2.19469;37.5768
-32.2999;2.1752;37.6339
-31.0861;2.15574;37.6405
-29.8712;2.13629;37.6723
-28.6554;2.1168;37.7293
-27.4384;2.09734;37.761
-26.2205;2.07781;37.7927
-25.0016;2.05828;37.7992
-23.7816;2.03871;37.856
-22.5607;2.01918;37.8876
-21.3387;1.99957;37.8941
-20.1156;1.97996;37.9508
-18.8916;1.96035;37.9572
-17.6666;1.94074;38.0138
-16.4405;1.92105;38.0201
-15.2134;1.90137;38.0516
-13.9853;1.88168;38.083
-12.7562;1.86199;38.1395
-11.5261;1.8423;38.1458
-10.295;1.82254;38.1771
-9.06281;1.80277;38.2084
-7.82966;1.78301;38.2648
-6.59551;1.76324;38.2709
-5.36035;1.74348;38.3272
-4.12418;1.72371;38.3584
-2.88699;1.70395;38.3644
