1.01063;-3.90625e-05;2.80227
2.01855;-3.90625e-05;2.81177
3.03254;-3.90625e-05;3.19001
4.04271;0;3.78208
5.07209;0.0003125;4.18134
6.12455;0.000898437;4.54044
7.20406;0.00144531;5.04078
8.21949;0.00191406;5.52214
9.23263;0.00234375;5.93946
10.3287;0.00277344;6.46178
11.4005;0.00316406;6.83231
12.5009;0.00355469;6.91138
13.5406;0.00398437;7.46219
14.6608;0.00472656;8.02126
15.7217;0.00535156;8.42068
16.8414;0.00597656;8.87196
17.8678;0.00652344;9.25304
18.9365;0.00707031;9.67703
20.0462;0.00769531;10.0354
21.1958;0.00851563;10.3839
22.2122;0.00921875;10.6755
23.2566;0.00992187;10.9586
24.3279;0.010625;11.1861
25.4257;0.0113281;11.4546
26.5486;0.0123047;11.7096
27.6956;0.0132422;11.9972
28.8657;0.0141797;12.2288
30.0579;0.0151172;12.4546
31.0679;0.0158984;12.5964
32.0921;0.0167578;12.7679
33.1292;0.0177344;12.9215
34.173;0.0187109;12.943
35.2155;0.0196875;12.9283
36.2514;0.0206641;12.7853
37.2751;0.0216406;12.6514
38.2905;0.0226172;12.5612
39.3009;0.0235937;12.5121
40.3093;0.0245703;12.501
41.3184;0.0255469;12.5217
42.3306;0.0265234;12.582
43.3474;0.0275;12.6343
44.3705;0.0284766;12.7386
45.401;0.0294531;12.815
46.4394;0.0305469;12.9003
47.4789;0.0317187;12.8856
48.5182;0.0328906;12.984
49.5746;0.0340625;13.2532
50.6523;0.0352344;13.462
51.751;0.0364453;13.7225
52.8703;0.0378125;13.9784
54.01;0.0391797;14.2833
55.1698;0.0405469;14.5302
56.3492;0.0419922;14.7215
57.5481;0.0435547;15.0127
58.7662;0.0451172;15.2487
60.0032;0.0467188;15.4314
61.0051;0.0479687;15.568
62.0083;0.0492187;15.5534
63.0106;0.0504688;15.591
64.0216;0.0517578;15.7415
65.0457;0.0532031;15.9976
66.0826;0.0546094;16.1943
67.132;0.0560156;16.3863
68.1936;0.0574219;16.5235
69.2671;0.0589453;16.7078
70.3524;0.0605078;16.9364
71.4491;0.0620703;17.1118
72.5571;0.0636328;17.2836
73.676;0.0652344;17.4061
74.8057;0.0669531;17.6171
75.9459;0.0686719;17.7792
77.0966;0.0703906;17.9385
78.2574;0.0721094;18.0952
79.4283;0.0739844;18.2495
80.6091;0.0758594;18.3973
81.7999;0.0777344;18.51
83.0001;0.0796094;18.6585
84.2098;0.0814844;18.8052
85.4294;0.0834766;18.9503
86.6578;0.0855078;19.0937
87.8954;0.0875391;19.2357
89.1421;0.0895703;19.4159
90.3978;0.0916016;19.5548
91.6627;0.0937109;19.691
92.936;0.0958984;19.7867
94.2179;0.0980859;19.9175
95.5081;0.100273;20.0821
96.8064;0.102461;20.1713
98.1127;0.104687;20.3289
99.4269;0.107031;20.4147
100.749;0.109375;20.533
102.078;0.111719;20.6503
103.08;0.113516;20.7701
104.086;0.115312;20.8221
105.097;0.117188;20.9382
106.111;0.119062;20.9888
107.129;0.120937;21.1022
108.151;0.122812;21.182
109.177;0.124688;21.2605
110.207;0.126562;21.3373
111.24;0.128477;21.3834
112.277;0.130469;21.489
113.318;0.132461;21.5336
114.363;0.134453;21.6357
115.41;0.136445;21.7069
116.462;0.138437;21.7767
117.516;0.14043;21.8455
118.574;0.142539;21.9149
119.636;0.144648;21.9562
120.7;0.146758;22.025
121.768;0.148867;22.1204
122.839;0.150977;22.1604
123.914;0.153164;22.2273
124.992;0.155391;22.2937
126.072;0.157617;22.3596
127.156;0.159883;22.4255
128.244;0.162109;22.4917
129.334;0.164336;22.5575
130.428;0.16668;22.6505
131.525;0.169023;22.6896
132.625;0.171367;22.7563
133.728;0.173711;22.8236
134.835;0.176055;22.8914
135.944;0.178398;22.9874
137.058;0.180859;23.0561
138.174;0.18332;23.1136
139.292;0.185781;23.1085
140.409;0.188242;23.0923
141.526;0.190703;23.0751
142.644;0.193164;23.1641
143.766;0.195625;23.2234
144.893;0.198086;23.3547
146.025;0.200664;23.4468
147.16;0.203242;23.5017
148.301;0.20582;23.5904
149.445;0.208398;23.7114
150.593;0.210977;23.7627
151.746;0.213672;23.8797
152.903;0.216367;23.9616
154.063;0.219102;24.01
155.227;0.221797;24.0893
156.396;0.224492;24.1668
157.567;0.227305;24.2426
158.743;0.230117;24.3468
159.922;0.23293;24.4186
161.104;0.235742;24.4604
162.29;0.238555;24.559
163.479;0.241484;24.5991
164.672;0.244414;24.6951
165.868;0.247344;24.7339
167.066;0.250273;24.799
168.268;0.253203;24.8892
169.474;0.256133;24.9251
170.682;0.25918;25.013
171.893;0.262227;25.0478
173.107;0.265273;25.1336
174.324;0.26832;25.1678
175.543;0.271367;25.2534
176.766;0.274453;25.2875
177.991;0.277617;25.3736
179.22;0.280781;25.4087
180.451;0.283945;25.4964
181.686;0.287109;25.5319
182.923;0.290352;25.6208
184.164;0.293633;25.6834
185.407;0.296914;25.7462
186.654;0.300195;25.8036
187.903;0.303477;25.8731
189.156;0.306797;25.9098
190.412;0.310195;26.0016
191.671;0.313594;26.0387
192.933;0.316992;26.131
194.198;0.320391;26.1683
195.466;0.323789;26.2614
196.738;0.327305;26.3271
198.013;0.33082;26.3929
199.29;0.334336;26.4309
200.572;0.337852;26.5249
201.856;0.341367;26.5628
203.143;0.345;26.6285
204.434;0.348633;26.7225
205.728;0.352266;26.7882
207.025;0.355898;26.854
208.325;0.35957;26.8917
209.628;0.36332;26.9859
210.935;0.367109;27.0237
212.245;0.370859;27.1182
213.557;0.374609;27.1781
214.874;0.378477;27.2219
216.193;0.382344;27.2872
217.515;0.386211;27.3527
218.841;0.390078;27.4456
220.17;0.393984;27.4822
221.502;0.397969;27.5737
222.837;0.401953;27.61
224.175;0.405937;27.7012
225.516;0.409922;27.737
226.86;0.414023;27.8283
228.207;0.418125;27.8922
229.558;0.422227;27.9283
230.911;0.426328;27.9924
232.268;0.43043;28.0843
233.627;0.434648;28.1478
234.99;0.438867;28.2103
236.356;0.443086;28.2449
237.724;0.447305;28.3331
239.096;0.45168;28.3671
240.471;0.456016;28.4543
241.848;0.460352;28.5143
243.228;0.464687;28.5475
244.612;0.469062;28.6334
245.998;0.473516;28.6927
247.387;0.477969;28.7256
248.779;0.482422;28.7846
250.173;0.486875;28.8698
251.571;0.491445;28.9288
252.971;0.496016;28.9879
254.375;0.500586;29.0473
255.781;0.505156;29.1071
257.19;0.509727;29.1402
258.602;0.514414;29.2273
260.017;0.519102;29.2879
261.435;0.523789;29.3215
262.855;0.528477;29.3824
264.279;0.533281;29.4433
265.706;0.538086;29.5042
267.135;0.542891;29.5653
268.568;0.547734;29.6539
270.004;0.552656;29.6878
271.442;0.557578;29.7765
272.884;0.5625;29.838
274.328;0.567422;29.8994
275.775;0.572461;29.9328
277.226;0.5775;30.0168
278.679;0.582539;30.0453
280.134;0.587578;30.116
281.592;0.592734;30.1569
283.051;0.597891;30.1927
284.512;0.603047;30.2076
285.975;0.608203;30.2549
287.439;0.613359;30.2669
288.904;0.618516;30.3118
290.371;0.623672;30.3234
291.839;0.628945;30.3516
293.309;0.634219;30.3806
294.78;0.639492;30.4285
296.252;0.644766;30.4542
297.726;0.650039;30.4972
299.202;0.655312;30.5157
300.68;0.660586;30.5776
302.16;0.665977;30.5995
303.642;0.671367;30.6446
305.127;0.676758;30.6916
306.613;0.682148;30.7401
308.102;0.687695;30.7901
309.594;0.693203;30.8413
311.088;0.698711;30.9184
312.585;0.704258;30.9467
314.084;0.709883;31.0008
315.085;0.713633;31.0373
316.087;0.717383;31.0998
317.09;0.721133;31.137
318.095;0.724883;31.1744
319.101;0.728672;31.2121
320.107;0.7325;31.2237
321.116;0.736328;31.288
322.125;0.740156;31.2997
323.136;0.743984;31.338
324.147;0.747773;31.4032
325.161;0.751602;31.4337
326.174;0.75543;31.4368
327.188;0.759258;31.4249
328.201;0.763086;31.4113
329.214;0.766914;31.3945
330.226;0.770742;31.3978
331.239;0.77457;31.4237
332.253;0.778437;31.4414
333.268;0.782305;31.5028
334.285;0.786211;31.5135
335.302;0.790117;31.5752
336.321;0.794023;31.586
337.341;0.79793;31.6479
338.362;0.801914;31.6586
339.384;0.805937;31.7206
340.407;0.809922;31.7314
341.432;0.813945;31.7935
342.457;0.818008;31.8042
343.484;0.82207;31.8664
344.512;0.826133;31.9029
345.541;0.830273;31.9136
346.572;0.834414;31.9758
347.603;0.838555;31.9865
348.636;0.842695;32.0229
349.67;0.846914;32.0852
350.705;0.851133;32.0958
351.741;0.855352;32.1323
352.779;0.85957;32.1946
353.817;0.863789;32.2052
354.857;0.868086;32.2416
355.898;0.872383;32.278
356.94;0.87668;32.3144
357.985;0.880977;32.3508
359.029;0.885273;32.3871
360.075;0.88957;32.4493
361.122;0.893867;32.4597
362.17;0.898164;32.5219
363.219;0.902539;32.5323
364.269;0.906914;32.5944
365.32;0.911289;32.6048
366.373;0.915664;32.6668
367.427;0.920039;32.6771
368.482;0.924414;32.7133
369.538;0.928789;32.7753
370.595;0.933164;32.8114
371.654;0.937617;32.8216
372.714;0.94207;32.8835
373.774;0.946523;32.8937
374.836;0.950977;32.9296
375.899;0.95543;32.9914
376.964;0.96;33.0015
378.029;0.964531;33.0633
379.096;0.969063;33.0992
380.163;0.973594;33.135
381.232;0.978125;33.1708
382.302;0.982695;33.2066
383.374;0.987305;33.2165
384.446;0.991914;33.2781
385.52;0.996523;33.288
386.594;1.00113;33.3237
387.67;1.00578;33.3593
388.747;1.01059;33.3949
389.825;1.0157;33.4304
390.904;1.02137;33.4658
391.985;1.0277;33.5012
393.066;1.03488;33.562
394.149;1.04316;33.5713
395.233;1.05277;33.6316
396.318;1.06395;33.666
397.404;1.07699;33.6746
398.49;1.09227;33.7083
399.578;1.1102;33.7662
400.667;1.13117;33.798
401.757;1.15566;33.8291
402.848;1.18422;33.8596
403.939;1.21703;33.8889
405.032;1.25453;33.8932
406.125;1.29715;33.9449
407.219;1.34531;33.9472
408.313;1.39937;33.9841
409.408;1.45992;33.9956
410.504;1.52738;34.0404
411.599;1.60211;34.0373
412.695;1.68465;34.0643
413.791;1.77531;34.0725
414.886;1.87445;34.0865
415.981;1.98281;34.0983
417.076;2.10035;34.1277
418.17;2.22762;34.134
419.263;2.36504;34.1367
420.355;2.51301;34.1167
421.446;2.67172;34.1142
422.534;2.84176;34.1269
423.622;3.02328;34.0984
424.706;3.21664;34.102
425.788;3.4223;34.0836
426.868;3.64066;34.0446
427.944;3.87125;34.0327
429.017;4.115;34.0034
430.086;4.37176;33.9545
431.151;4.6418;33.9166
432.211;4.92547;33.8749
433.267;5.22293;33.8395
434.317;5.53414;33.7767
435.361;5.85941;33.7205
436.4;6.19887;33.6598
437.432;6.55219;33.6045
438.457;6.91988;33.528
439.476;7.30199;33.4547
440.486;7.69863;33.3789
441.489;8.1098;33.3087
442.483;8.53539;33.2279
443.469;8.97543;33.1377
444.445;9.42988;33.0657
445.413;9.89863;32.984
446.371;10.3819;32.8911
447.319;10.8795;32.8198
448.257;11.3914;32.7385
449.184;11.9175;32.6585
450.1;12.4573;32.5682
451.006;13.0112;32.5033
451.9;13.5788;32.375
452.783;14.1598;32.3381
453.655;14.7541;32.2674
454.515;15.3624;32.1984
455.362;15.9835;32.1487
456.197;16.6175;32.0905
457.019;17.2641;32.0198
457.829;17.9229;31.9887
458.627;18.5936;31.9266
459.412;19.2761;31.9067
460.186;19.9699;31.8535
460.947;20.6765;31.8417
461.695;21.3944;31.793
462.43;22.1229;31.7745
463.153;22.8618;31.788
463.863;23.6107;31.7841
464.563;24.3694;31.7857
465.251;25.1375;31.7923
465.928;25.9149;31.8036
466.595;26.7011;31.8195
467.251;27.4971;31.8367
467.897;28.302;31.8541
468.532;29.1145;31.8504
469.157;29.9343;31.8773
469.774;30.7613;31.9062
470.382;31.5951;31.9519
470.982;32.4354;31.9958
471.575;33.2821;32.0284
472.161;34.1347;32.0342
472.739;34.9931;32.0677
473.311;35.8583;32.128
473.877;36.7292;32.1325
474.436;37.6044;32.193
474.988;38.4843;32.1983
475.535;39.3689;32.2308
476.076;40.2583;32.2626
476.611;41.1523;32.2937
477.14;42.051;32.3242
477.663;42.9542;32.3541
478.181;43.862;32.3832
478.692;44.7742;32.4376
479.197;45.6922;32.4637
479.696;46.6155;32.4621
480.188;47.5425;32.4844
480.671;48.4733;32.5339
481.149;49.4082;32.5567
481.619;50.3474;32.5535
482.082;51.2907;32.5754
482.539;52.2383;32.6222
482.988;53.1917;32.6253
483.429;54.1504;32.6334
483.862;55.1127;32.6714
484.286;56.078;32.6609
484.701;57.047;32.6725
485.108;58.0194;32.6822
485.506;58.9963;32.6903
485.894;59.9789;32.6944
486.273;60.9663;32.6942
486.641;61.9571;32.6927
486.997;62.9508;32.712
487.344;63.9473;32.7082
487.68;64.9476;32.7023
488.005;65.9521;32.672
488.319;66.9603;32.6797
488.62;67.9726;32.6627
488.909;68.9886;32.6224
489.184;70.0068;32.6215
489.447;71.0273;32.6005
489.696;72.051;32.557
489.933;73.0775;32.5509
490.156;74.1065;32.5235
490.365;75.1377;32.4761
490.561;76.1709;32.4719
490.742;77.2058;32.4258
490.91;78.2426;32.4025
491.063;79.2812;32.403
491.203;80.3209;32.3611
491.329;81.3619;32.368
491.44;82.404;32.3541
491.539;83.447;32.3445
491.623;84.4907;32.3141
491.695;85.5353;32.3118
491.753;86.5802;32.3402
491.799;87.6256;32.3498
491.833;88.672;32.363
491.856;89.7187;32.3544
491.867;90.7659;32.3784
491.868;91.8137;32.4068
491.859;92.862;32.4689
491.842;93.9109;32.5064
491.816;94.9608;32.5443
491.784;96.0111;32.5568
491.745;97.0621;32.6008
491.701;98.1146;32.6447
491.654;99.1679;32.7186
491.604;100.222;32.7324
491.552;101.278;32.8042
491.5;102.335;32.8161
491.448;103.393;32.8839
491.397;104.453;32.8935
491.348;105.513;32.931
491.302;106.575;32.9944
491.258;107.638;33.0012
491.217;108.703;33.035
491.18;109.769;33.0677
491.147;110.835;33.1272
491.119;111.904;33.1303
491.095;112.973;33.1618
491.077;114.043;33.1927
491.063;115.114;33.2488
491.054;116.187;33.2782
491.051;117.26;33.2812
491.054;118.334;33.3083
491.064;119.409;33.359
491.08;120.485;33.3583
491.103;121.561;33.3799
491.134;122.638;33.3993
491.174;123.716;33.415
491.222;124.793;33.4275
491.28;125.87;33.4581
491.347;126.948;33.4412
491.425;128.025;33.4631
491.515;129.101;33.4398
491.615;130.176;33.4327
491.728;131.251;33.4398
491.855;132.325;33.4007
491.994;133.396;33.3778
492.148;134.465;33.3522
492.315;135.531;33.3225
492.495;136.594;33.3079
492.69;137.653;33.2516
492.899;138.71;33.2111
493.122;139.762;33.1868
493.361;140.81;33.1201
493.617;141.855;33.0383
493.888;142.895;33.0315
494.175;143.927;32.9634
494.476;144.953;32.9402
494.792;145.974;32.8973
495.121;146.989;32.8566
495.466;147.998;32.7965
495.824;149.002;32.7845
496.197;149.998;32.7303
496.586;150.989;32.6985
496.99;151.974;32.6673
497.408;152.949;32.6734
497.839;153.917;32.6367
498.283;154.879;32.6595
498.739;155.835;32.6631
499.207;156.784;32.6719
499.686;157.728;32.6866
500.177;158.665;32.6781
500.679;159.598;32.7037
501.192;160.526;32.7604
501.715;161.449;32.7607
502.247;162.366;32.8258
502.786;163.279;32.8643
503.332;164.189;32.874
503.883;165.097;32.9158
504.44;166.003;32.9888
505.001;166.908;33.0305
505.565;167.812;33.0412
506.133;168.718;33.0799
506.702;169.623;33.1163
507.272;170.528;33.152
507.842;171.433;33.1866
508.413;172.339;33.2492
508.983;173.247;33.2533
509.553;174.156;33.3145
510.123;175.067;33.3346
510.694;175.978;33.3795
511.264;176.892;33.3831
511.836;177.807;33.442
512.407;178.722;33.4726
512.98;179.637;33.5022
513.554;180.552;33.5307
514.13;181.466;33.5311
514.71;182.379;33.5827
515.294;183.291;33.5801
515.881;184.201;33.6268
516.475;185.109;33.6446
517.074;186.014;33.6595
517.678;186.916;33.6469
518.289;187.813;33.6562
518.906;188.706;33.6859
519.531;189.595;33.6886
520.163;190.478;33.6654
520.803;191.356;33.6867
521.451;192.228;33.6827
522.108;193.094;33.6528
522.773;193.954;33.6445
523.447;194.806;33.6583
524.129;195.652;33.6248
524.82;196.49;33.6381
525.52;197.32;33.6293
526.227;198.144;33.6215
526.944;198.959;33.6154
527.669;199.767;33.6111
528.402;200.568;33.5834
529.143;201.361;33.5831
529.892;202.146;33.5852
530.649;202.924;33.5898
531.414;203.694;33.6238
532.186;204.457;33.6084
532.965;205.214;33.648
533.75;205.964;33.6649
534.543;206.707;33.6673
535.341;207.445;33.6765
536.145;208.176;33.699
536.955;208.903;33.751
537.771;209.624;33.7481
538.591;210.341;33.7891
539.416;211.053;33.8022
540.246;211.762;33.8579
541.079;212.466;33.8874
541.917;213.168;33.8894
542.758;213.867;33.9476
543.602;214.564;33.9789
544.449;215.258;33.9827
545.299;215.951;34.0422
546.151;216.642;34.0467
547.006;217.333;34.1073
547.862;218.023;34.1123
548.719;218.712;34.1453
549.578;219.402;34.2056
550.439;220.092;34.2376
551.3;220.782;34.2434
552.162;221.473;34.3034
553.025;222.165;34.3354
553.888;222.857;34.3416
554.751;223.551;34.4015
555.616;224.246;34.4338
556.481;224.942;34.4407
557.346;225.639;34.5011
558.212;226.337;34.5339
559.079;227.036;34.5417
559.946;227.735;34.5763
560.815;228.435;34.6103
561.685;229.135;34.6444
562.557;229.834;34.6788
563.432;230.532;34.737
564.308;231.229;34.7442
565.187;231.924;34.8018
566.07;232.617;34.831
566.955;233.307;34.8352
567.845;233.993;34.8853
568.739;234.676;34.8848
569.638;235.353;34.9051
570.541;236.025;34.9445
571.451;236.691;34.9351
572.365;237.35;34.9645
573.285;238.001;34.9684
574.212;238.644;34.9648
575.144;239.279;34.9589
576.082;239.904;34.9297
577.027;240.52;34.9306
577.978;241.126;34.9101
578.936;241.721;34.8816
579.901;242.304;34.8321
580.872;242.875;34.7965
581.85;243.434;34.7682
582.834;243.98;34.6792
583.824;244.511;34.6517
584.821;245.028;34.6062
585.824;245.53;34.5434
586.833;246.017;34.4748
587.848;246.489;34.4003
588.868;246.945;34.311
589.893;247.385;34.2364
590.923;247.808;34.1554
591.957;248.215;34.0882
592.996;248.605;33.9885
594.04;248.977;33.9002
595.086;249.332;33.8142
596.137;249.67;33.7429
597.19;249.99;33.6384
598.246;250.292;33.5526
599.305;250.576;33.482
600.366;250.841;33.3766
601.428;251.089;33.3104
602.493;251.318;33.2303
603.559;251.529;33.1506
604.625;251.722;33.0787
605.693;251.897;33.0124
606.761;252.054;32.9492
607.83;252.194;32.8955
608.899;252.315;32.8289
609.968;252.419;32.8126
611.036;252.506;32.7837
612.105;252.575;32.7696
613.173;252.628;32.7393
614.242;252.665;32.7464
615.31;252.687;32.7999
616.378;252.693;32.8389
617.446;252.685;32.8911
618.515;252.665;32.9237
619.584;252.632;33.0368
620.654;252.589;33.1222
621.725;252.538;33.2149
622.797;252.481;33.309
623.872;252.421;33.3637
624.949;252.36;33.4407
626.027;252.303;33.5271
627.107;252.251;33.5731
628.189;252.208;33.5988
629.272;252.174;33.609
630.356;252.151;33.581
631.442;252.139;33.5527
632.526;252.14;33.5653
633.61;252.153;33.5393
634.695;252.179;33.5031
635.779;252.219;33.4658
636.862;252.273;33.4326
637.945;252.341;33.4048
639.025;252.423;33.3846
640.105;252.519;33.373
641.183;252.629;33.3443
642.259;252.752;33.384
643.335;252.888;33.4079
644.409;253.037;33.4438
645.481;253.199;33.4904
646.553;253.371;33.5183
647.624;253.553;33.5867
648.694;253.744;33.6932
649.765;253.942;33.7401
650.836;254.147;33.8488
651.909;254.356;33.8929
652.983;254.568;33.9625
654.058;254.782;34.0259
655.135;254.994;34.1126
656.214;255.204;34.1652
657.295;255.411;34.2151
658.379;255.615;34.2634
659.465;255.816;34.3114
660.554;256.013;34.3323
661.645;256.207;34.4121
662.738;256.397;34.4377
663.833;256.585;34.5208
664.93;256.772;34.5774
666.028;256.959;34.6346
667.128;257.146;34.6902
668.23;257.336;34.7186
669.332;257.53;34.7928
670.436;257.729;34.8376
671.54;257.933;34.8545
672.644;258.144;34.8904
673.748;258.361;34.9225
674.851;258.586;34.9527
675.954;258.819;34.9806
677.056;259.061;35.0077
678.158;259.311;35.059
679.258;259.571;35.0637
680.358;259.839;35.1203
681.457;260.116;35.1552
682.555;260.401;35.1938
683.651;260.693;35.237
684.747;260.993;35.2585
685.843;261.3;35.3092
686.939;261.613;35.3897
688.035;261.931;35.4463
689.131;262.254;35.5031
690.228;262.58;35.5348
691.325;262.908;35.6193
692.424;263.236;35.6494
693.526;263.565;35.7038
694.629;263.894;35.7563
695.735;264.221;35.8325
696.843;264.546;35.8811
697.952;264.868;35.9024
699.064;265.187;35.9499
700.178;265.502;36.024
701.295;265.815;36.0734
702.416;266.126;36.0976
703.539;266.434;36.1742
704.664;266.74;36.2268
705.79;267.045;36.255
706.918;267.349;36.3338
708.047;267.652;36.3624
709.177;267.958;36.4157
710.309;268.266;36.489
711.443;268.58;36.5132
712.576;268.899;36.5749
713.708;269.225;36.6093
714.839;269.56;36.6175
715.968;269.901;36.659
717.095;270.25;36.6774
718.22;270.608;36.6741
719.343;270.976;36.6949
720.464;271.356;36.674
721.581;271.75;36.6632
722.694;272.157;36.6482
723.801;272.577;36.633
724.902;273.008;36.6348
725.998;273.45;36.626
727.09;273.902;36.597
728.178;274.367;36.5834
729.261;274.846;36.5661
730.339;275.341;36.5451
731.409;275.85;36.5279
732.47;276.373;36.5418
733.524;276.907;36.5439
734.571;277.451;36.5381
735.614;278.005;36.5578
736.653;278.572;36.5986
737.685;279.152;36.5961
738.712;279.747;36.6402
739.732;280.356;36.6374
740.742;280.975;36.6888
741.745;281.603;36.7032
742.742;282.239;36.77
743.735;282.884;36.7916
744.725;283.539;36.8576
745.711;284.207;36.8748
746.692;284.889;36.9312
747.666;285.58;36.9395
748.63;286.279;36.9698
749.589;286.984;37.0204
750.543;287.696;37.0328
751.493;288.416;37.0616
752.437;289.147;37.0845
753.377;289.892;37.0969
754.309;290.653;37.0977
755.229;291.423;37.0893
756.137;292.204;37.0787
757.036;292.993;37.0614
757.925;293.791;37.0403
758.806;294.597;37.0321
759.679;295.412;36.9852
760.542;296.244;36.926
761.393;297.094;36.8321
762.224;297.955;36.7335
763.035;298.826;36.6247
763.832;299.708;36.5244
764.614;300.6;36.4027
765.382;301.502;36.2689
766.134;302.411;36.1247
766.87;303.33;35.951
767.585;304.266;35.751
768.283;305.211;35.5267
768.954;306.161;35.3308
769.606;307.119;35.1313
770.236;308.084;34.9153
770.847;309.056;34.6836
771.439;310.034;34.4542
772.01;311.017;34.109
772.561;312.005;33.9742
773.09;312.999;33.7011
773.593;314.001;33.3795
774.073;315.006;33.0732
774.526;316.01;32.8137
774.956;317.017;32.5561
775.366;318.024;32.313
775.754;319.033;32.0775
776.121;320.043;31.8442
776.467;321.054;31.6188
776.79;322.066;31.4009
777.09;323.079;31.1565
777.364;324.094;30.9024
777.614;325.107;30.6626
777.838;326.115;30.3643
778.04;327.121;30.2718
778.22;328.125;30.0926
778.378;329.126;29.9217
778.515;330.123;29.7681
778.63;331.118;29.5326
778.762;332.601;29.3954
778.847;334.076;29.2176
778.881;335.543;29.0154
778.87;336.996;28.8732
778.81;338.437;28.738
778.706;339.865;28.6264
778.56;341.279;28.5048
778.371;342.677;28.3774
778.141;344.059;28.2696
777.871;345.426;28.2283
777.561;346.78;28.2048
777.213;348.121;28.1987
776.828;349.447;28.2434
776.408;350.761;28.2836
775.957;352.064;28.3096
775.478;353.356;28.3781
774.971;354.639;28.4898
774.44;355.917;28.5459
773.888;357.189;28.6308
773.319;358.454;28.7516
772.734;359.718;28.8392
772.137;360.98;28.9262
771.528;362.241;29.0105
770.909;363.501;29.0629
770.278;364.76;29.1432
769.636;366.018;29.2476
768.979;367.274;29.2886
768.308;368.525;29.3503
767.62;369.769;29.4282
766.915;371.005;29.4692
766.189;372.232;29.5004
765.441;373.447;29.5184
764.668;374.649;29.5209
763.868;375.836;29.5069
763.042;377.004;29.4611
762.189;378.15;29.4391
761.311;379.274;29.369
760.406;380.375;29.3207
759.474;381.451;29.2421
758.517;382.501;29.1071
757.532;383.521;29.0356
756.52;384.51;28.9094
755.482;385.465;28.7958
754.421;386.383;28.6691
753.338;387.268;28.5245
752.234;388.118;28.4059
751.109;388.932;28.2563
749.966;389.71;28.1362
748.804;390.448;27.999
747.592;391.163;27.8473
746.677;391.667;27.736
745.715;392.165;27.6177
744.733;392.642;27.5382
743.743;393.096;27.4422
742.73;393.53;27.2862
741.687;393.947;27.2402
740.64;394.335;27.1172
739.564;394.702;27.0791
738.498;395.034;26.9687
737.404;395.341;26.9308
736.296;395.62;26.8987
735.167;395.87;26.8659
734.034;396.091;26.8319
732.901;396.283;26.8201
731.765;396.45;26.7842
730.631;396.589;26.8265
729.488;396.703;26.8482
728.33;396.793;26.845
727.186;396.855;26.9287
726.041;396.893;26.9611
724.871;396.909;26.993
723.707;396.905;27.0995
722.549;396.884;27.1386
721.391;396.849;27.2169
720.238;396.802;27.3428
719.089;396.748;27.3799
717.942;396.688;27.4611
716.772;396.623;27.5859
715.594;396.555;27.6183
714.431;396.489;27.7253
713.265;396.425;27.7994
712.11;396.364;27.8631
710.954;396.309;27.9219
709.805;396.259;27.943
708.664;396.215;28.0341
707.507;396.178;28.0877
706.347;396.151;28.1387
705.178;396.135;28.1514
704.032;396.131;28.1935
702.876;396.14;28.2357
701.714;396.161;28.3072
700.572;396.194;28.3409
699.438;396.24;28.3429
698.311;396.299;28.3702
697.191;396.37;28.3983
696.061;396.456;28.4265
694.934;396.558;28.4456
693.827;396.674;28.4846
692.724;396.809;28.4943
691.616;396.963;28.4749
690.521;397.134;28.4756
689.448;397.319;28.4712
688.397;397.518;28.4624
687.352;397.734;28.4701
686.325;397.963;28.4542
685.324;398.209;28.4104
683.891;398.591;28.3785
682.505;399.005;28.3109
681.165;399.446;28.2718
679.85;399.917;28.1948
678.572;400.415;28.1489
677.311;400.943;28.0684
676.065;401.507;28.0034
674.836;402.107;27.9232
673.634;402.74;27.8759
672.453;403.407;27.8187
671.294;404.104;27.7468
670.156;404.832;27.7207
669.04;405.588;27.6612
667.944;406.372;27.6386
666.87;407.192;27.6342
665.822;408.037;27.5914
664.803;408.91;27.591
663.806;409.807;27.6173
662.833;410.728;27.6034
661.881;411.671;27.6192
660.951;412.637;27.634
660.043;413.629;27.6675
659.157;414.644;27.6737
658.299;415.674;27.6618
657.464;416.723;27.6936
656.653;417.79;27.6784
655.865;418.876;27.6793
655.102;419.979;27.6991
654.364;421.099;27.6728
653.654;422.239;27.656
652.974;423.397;27.652
652.324;424.569;27.6274
651.706;425.756;27.5662
651.117;426.958;27.5478
650.559;428.172;27.5191
650.032;429.4;27.4881
649.537;430.64;27.4824
649.074;431.89;27.4381
648.643;433.152;27.4386
648.246;434.423;27.4193
647.881;435.703;27.4104
647.548;436.991;27.3842
647.247;438.287;27.412
646.976;439.59;27.4023
646.736;440.899;27.4265
646.524;442.214;27.4828
646.341;443.534;27.5125
646.184;444.86;27.5444
646.053;446.19;27.6238
645.946;447.524;27.6848
645.86;448.863;27.7193
645.795;450.206;27.7846
645.75;451.552;27.8544
645.721;452.902;27.9552
645.708;454.256;28.0271
645.71;455.612;28.073
645.724;456.973;28.1489
645.751;458.337;28.2544
645.788;459.704;28.3025
645.834;461.075;28.4099
645.888;462.449;28.4597
645.948;463.827;28.5668
646.011;465.208;28.6171
646.076;466.593;28.695
646.141;467.982;28.7994
646.205;469.374;28.8471
646.266;470.771;28.9476
646.324;472.171;29.0196
646.376;473.574;29.0636
646.422;474.981;29.1346
646.462;476.392;29.2318
646.496;477.806;29.3024
646.524;479.224;29.3736
646.546;480.646;29.4188
646.563;482.071;29.5169
646.576;483.499;29.5636
646.586;484.931;29.6641
646.592;486.366;29.738
646.597;487.806;29.812
646.6;489.249;29.8857
646.604;490.694;29.9322
646.608;492.143;30.0066
646.613;493.597;30.1063
646.617;495.054;30.1798
646.621;496.514;30.2533
646.623;497.979;30.326
646.624;499.446;30.3711
646.622;500.915;30.4419
646.615;502.388;30.5134
646.602;503.867;30.6065
646.58;505.349;30.6716
646.547;506.833;30.7328
646.502;508.319;30.766
646.445;509.807;30.8165
646.375;511.294;30.8662
646.288;512.787;30.9302
646.179;514.283;30.9406
646.049;515.776;30.9892
645.895;517.268;30.9894
645.781;518.262;31.0176
645.592;519.749;31.0337
645.382;521.234;31.0482
645.228;522.226;31.0326
645.06;523.217;31.0278
644.877;524.206;31.0381
644.682;525.19;31.0127
644.472;526.17;31.027
644.251;527.148;30.9998
644.019;528.122;30.9957
643.776;529.093;30.9973
643.522;530.062;31.0003
643.257;531.028;31.0018
642.976;531.994;31.0221
642.68;532.957;30.9953
642.37;533.914;31.0153
642.048;534.864;31.0199
641.713;535.809;31.0239
641.368;536.751;31.0328
641.013;537.687;31.0271
640.648;538.621;31.0441
640.271;539.551;31.0589
639.882;540.478;31.0925
639.477;541.402;31.1009
639.059;542.321;31.084
638.631;543.232;31.1164
638.19;544.136;31.1034
637.74;545.035;31.1135
637.28;545.928;31.1243
636.809;546.817;31.1331
636.328;547.7;31.1576
635.835;548.578;31.1385
635.329;549.45;31.1313
634.81;550.315;31.1142
634.279;551.172;31.1038
633.736;552.019;31.0628
633.183;552.856;31.03
632.618;553.685;30.9896
632.042;554.505;30.9525
631.456;555.315;30.899
630.556;556.512;30.7932
629.631;557.685;30.6656
628.678;558.833;30.5095
627.703;559.949;30.3668
626.705;561.033;30.2185
625.685;562.089;30.0549
624.645;563.114;29.8961
623.579;564.105;29.6891
622.49;565.06;29.481
621.384;565.974;29.2864
620.26;566.851;29.0318
619.12;567.693;28.8962
617.965;568.5;28.6814
616.794;569.268;28.4732
615.605;569.993;28.2326
614.403;570.676;28.0026
613.19;571.313;27.7922
611.967;571.909;27.5906
610.735;572.465;27.3958
609.494;572.98;27.2035
608.245;573.453;27.0152
606.987;573.881;26.8407
605.726;574.264;26.6651
604.462;574.603;26.5335
603.194;574.901;26.4468
601.924;575.16;26.3676
600.651;575.381;26.2967
599.376;575.567;26.2826
598.097;575.718;26.3365
596.816;575.838;26.3949
595.482;575.935;26.4545
594.113;576.016;26.5961
592.745;576.091;26.6569
591.417;576.169;26.7358
590.124;576.261;26.7341
588.828;576.375;26.7383
587.541;576.51;26.703
586.259;576.669;26.6331
584.981;576.854;26.5981
583.709;577.066;26.5225
582.444;577.306;26.51
581.176;577.583;26.4363
579.924;577.887;26.4612
578.683;578.219;26.4519
577.46;578.575;26.3455
576.25;578.956;26.3852
575.035;579.352;26.4394
573.817;579.757;26.5319
572.602;580.169;26.5668
571.383;580.587;26.6339
570.162;581.006;26.6973
568.935;581.421;26.7796
567.703;581.827;26.82
566.471;582.222;26.832
565.233;582.608;26.8716
563.989;582.986;26.9384
562.739;583.353;26.9438
561.482;583.706;26.9783
560.221;584.046;27.0143
558.954;584.371;27.0521
557.682;584.682;27.1225
556.405;584.979;27.1339
555.123;585.264;27.1788
553.834;585.537;27.2226
552.542;585.801;27.2716
551.248;586.055;27.3222
549.949;586.301;27.403
548.646;586.54;27.4225
547.338;586.773;27.5042
546.028;587;27.5547
544.714;587.223;27.5721
543.397;587.442;27.6219
542.079;587.657;27.7024
540.757;587.869;27.7514
539.432;588.077;27.8003
538.103;588.281;27.8481
536.772;588.482;27.8654
535.437;588.678;27.9112
534.1;588.87;27.9874
532.761;589.057;28.003
531.418;589.238;28.0472
530.072;589.412;28.1199
528.723;589.579;28.1326
527.371;589.738;28.1737
526.015;589.888;28.2423
524.658;590.029;28.2822
523.298;590.161;28.3214
521.934;590.283;28.3606
520.568;590.396;28.3709
519.199;590.499;28.4102
517.827;590.591;28.4504
516.452;590.675;28.5201
515.076;590.75;28.5626
513.698;590.817;28.5912
512.316;590.877;28.6498
510.932;590.931;28.6943
509.546;590.979;28.7094
508.157;591.021;28.7539
506.766;591.059;28.8275
505.373;591.093;28.8723
503.979;591.123;28.8875
502.581;591.15;28.9318
501.182;591.172;28.9757
499.78;591.19;29.0474
498.376;591.203;29.0896
496.97;591.209;29.1012
495.562;591.209;29.1699
494.153;591.2;29.2086
492.741;591.184;29.2462
491.328;591.158;29.2822
489.913;591.121;29.3171
488.497;591.073;29.3521
487.079;591.014;29.3573
485.661;590.944;29.4204
484.241;590.862;29.4275
482.82;590.769;29.4633
481.398;590.665;29.5001
479.976;590.55;29.5379
478.552;590.424;29.5775
477.127;590.29;29.6454
475.702;590.146;29.658
474.275;589.995;29.7284
472.847;589.837;29.7705
471.417;589.672;29.8124
469.987;589.5;29.8254
468.555;589.32;29.8945
467.122;589.134;29.9067
465.689;588.941;29.9754
464.254;588.741;29.9865
462.818;588.531;30.0516
461.382;588.312;30.0598
459.947;588.082;30.0929
458.511;587.84;30.1228
457.077;587.584;30.1498
455.646;587.314;30.1343
454.219;587.029;30.0764
452.798;586.728;30.0101
451.384;586.409;29.9846
449.973;586.071;29.9919
448.566;585.714;30.0005
447.164;585.338;30.034
445.766;584.942;30.0215
444.374;584.528;30.0366
442.986;584.096;30.0622
441.602;583.647;30.1044
440.222;583.181;30.1051
438.847;582.7;30.1615
437.475;582.204;30.1681
436.106;581.696;30.2032
434.74;581.176;30.2672
433.377;580.646;30.305
432.015;580.107;30.3297
430.654;579.56;30.3567
429.293;579.006;30.3968
427.933;578.447;30.4369
426.573;577.883;30.477
425.213;577.313;30.5437
423.853;576.74;30.5569
422.492;576.161;30.6236
421.131;575.579;30.6365
419.77;574.992;30.7023
418.41;574.401;30.741
417.049;573.804;30.7534
415.687;573.198;30.7868
414.33;572.583;30.8397
412.977;571.958;30.8626
411.63;571.32;30.8557
410.29;570.665;30.8625
408.957;569.992;30.8582
407.632;569.295;30.849
406.323;568.575;30.7886
405.033;567.833;30.7348
403.761;567.067;30.6401
402.506;566.277;30.6019
401.227;565.43;30.4782
400.335;564.809;30.3817
399.451;564.169;30.281
398.592;563.521;30.189
397.743;562.856;30.1152
396.9;562.17;30.0005
396.064;561.467;29.9196
395.235;560.743;29.8029
394.406;559.99;29.6938
393.588;559.21;29.5664
392.781;558.405;29.4618
391.993;557.58;29.3615
391.221;556.738;29.2081
390.465;555.878;29.1647
389.714;554.988;29.083
388.98;554.084;29.0057
388.261;553.154;28.952
387.567;552.211;28.8429
386.905;551.264;28.7618
386.274;550.319;28.7762
385.661;549.358;28.7176
385.065;548.387;28.6918
384.482;547.397;28.7083
383.918;546.402;28.6999
383.378;545.401;28.6564
382.858;544.396;28.6795
382.37;543.407;28.6455
381.904;542.423;28.6472
381.455;541.436;28.6485
381.014;540.434;28.6861
380.592;539.435;28.6613
380.188;538.448;28.666
379.806;537.471;28.6976
379.437;536.49;28.6952
379.09;535.531;28.664
378.753;534.555;28.661
378.438;533.604;28.6846
378.131;532.638;28.679
377.84;531.68;28.6708
377.436;530.277;28.6185
377.064;528.872;28.6267
376.725;527.476;28.5722
376.419;526.079;28.5644
376.143;524.688;28.503
375.901;523.317;28.4606
375.69;521.956;28.4378
375.509;520.592;28.3645
375.36;519.227;28.3296
375.245;517.863;28.254
375.161;516.5;28.1994
375.108;515.136;28.1723
375.086;513.774;28.0972
375.094;512.412;28.0767
375.134;511.053;28.0392
375.205;509.698;27.983
375.306;508.346;27.9984
375.435;506.997;27.9665
375.59;505.652;27.9788
375.767;504.308;28.0051
375.965;502.965;28.0756
376.182;501.625;28.123
376.412;500.285;28.1749
376.652;498.945;28.1962
376.899;497.604;28.2787
377.148;496.261;28.3259
377.396;494.916;28.3696
377.641;493.568;28.3808
377.882;492.217;28.4348
378.119;490.864;28.4615
378.352;489.508;28.5028
378.585;488.15;28.573
378.819;486.79;28.5856
379.058;485.428;28.6244
379.304;484.067;28.6574
379.561;482.705;28.6843
379.832;481.346;28.7017
380.121;479.989;28.7088
380.429;478.636;28.7287
380.76;477.288;28.6929
381.113;475.946;28.6934
381.491;474.612;28.6653
381.895;473.285;28.6307
382.325;471.969;28.5735
382.781;470.662;28.5619
383.263;469.365;28.5331
383.772;468.08;28.4864
384.305;466.806;28.4716
384.864;465.543;28.5033
385.445;464.289;28.484
386.048;463.046;28.5409
386.672;461.812;28.5775
387.313;460.585;28.5961
387.971;459.365;28.6775
388.64;458.149;28.7069
389.319;456.936;28.7679
390.005;455.724;28.8264
390.694;454.51;28.8844
391.383;453.293;28.9673
392.071;452.073;29.0204
392.757;450.848;29.0427
393.439;449.619;29.1236
394.119;448.385;29.1751
394.796;447.148;29.2014
395.473;445.906;29.2572
396.148;444.661;29.3404
396.825;443.414;29.3693
397.506;442.166;29.4507
398.193;440.918;29.5028
398.887;439.671;29.5501
399.592;438.429;29.5941
400.309;437.19;29.6078
401.039;435.957;29.6662
401.787;434.731;29.6702
402.554;433.511;29.7122
403.339;432.305;29.7248
404.143;431.111;29.7094
404.966;429.93;29.7371
405.81;428.763;29.7158
406.675;427.611;29.7186
407.562;426.472;29.7458
408.474;425.347;29.7451
409.405;424.243;29.7516
410.353;423.157;29.7665
411.318;422.086;29.788
412.299;421.03;29.7867
413.296;419.986;29.8463
414.309;418.954;29.8815
415.341;417.93;29.9144
416.383;416.921;29.9489
417.434;415.925;29.9852
418.495;414.937;29.9931
419.566;413.958;30.031
420.646;412.987;30.0979
421.736;412.021;30.1082
422.838;411.059;30.171
423.945;410.105;30.2036
425.057;409.161;30.2077
426.176;408.222;30.2675
427.302;407.29;30.2992
428.435;406.364;30.331
429.576;405.443;30.3614
430.727;404.526;30.3622
431.881;403.618;30.3914
433.039;402.716;30.4194
434.204;401.819;30.4477
435.375;400.927;30.5046
436.55;400.04;30.5346
437.731;399.154;30.5373
438.917;398.271;30.5646
440.103;397.391;30.5928
441.29;396.511;30.6199
442.478;395.63;30.6464
443.666;394.748;30.6987
444.852;393.862;30.6964
446.037;392.97;30.7176
447.219;392.069;30.7337
448.394;391.161;30.7452
449.56;390.244;30.7752
450.717;389.315;30.7758
451.863;388.374;30.7706
452.998;387.419;30.7591
454.12;386.448;30.742
455.227;385.46;30.7183
456.317;384.454;30.6869
457.387;383.431;30.6523
458.438;382.391;30.5955
459.469;381.335;30.5615
460.482;380.262;30.5553
461.475;379.172;30.5073
462.451;378.066;30.5175
463.408;376.943;30.5051
464.345;375.808;30.5044
465.266;374.661;30.4846
466.171;373.501;30.4987
467.065;372.332;30.5184
467.948;371.153;30.5407
468.822;369.967;30.5646
469.691;368.772;30.6132
470.554;367.577;30.6335
471.414;366.379;30.652
472.274;365.18;30.6413
473.133;363.98;30.6866
473.993;362.779;30.7031
474.854;361.576;30.7159
475.717;360.369;30.6978
476.572;359.166;30.7033
477.424;357.962;30.7125
478.272;356.754;30.7212
479.116;355.54;30.7508
479.952;354.321;30.7247
480.778;353.091;30.7126
481.59;351.849;30.6858
482.379;350.605;30.6476
483.148;349.354;30.6222
483.9;348.093;30.5668
484.634;346.818;30.4758
485.343;345.533;30.4016
486.021;344.231;30.2866
486.665;342.92;30.1465
487.275;341.607;30.0538
487.862;340.286;29.9281
488.422;338.953;29.7695
488.951;337.612;29.5645
489.445;336.264;29.477
489.9;334.909;29.3163
490.32;333.552;29.1801
490.707;332.192;29.0343
491.057;330.826;28.8678
491.372;329.457;28.7153
491.648;328.087;28.5798
491.885;326.716;28.4644
492.085;325.346;28.3184
492.248;323.978;28.2014
492.375;322.61;28.0945
492.466;321.247;27.9804
492.52;319.886;27.8492
492.538;318.531;27.7394
492.519;317.181;27.632
492.464;315.837;27.5376
492.374;314.5;27.4167
492.247;313.173;27.317
492.084;311.853;27.2288
491.885;310.544;27.1301
491.65;309.246;27.0377
491.379;307.959;26.9417
491.072;306.686;26.8461
490.731;305.427;26.7415
490.355;304.181;26.6674
489.944;302.951;26.5732
489.5;301.737;26.4888
489.022;300.541;26.3876
488.511;299.362;26.33
487.967;298.203;26.237
487.391;297.063;26.1697
486.785;295.942;26.1356
486.147;294.843;26.0633
485.48;293.764;26.0239
484.785;292.705;26.0286
484.062;291.667;26.0197
483.313;290.648;26.0254
482.54;289.648;26.017
481.742;288.666;26.0913
480.924;287.7;26.1434
480.085;286.749;26.2093
479.229;285.81;26.2812
478.358;284.881;26.3595
477.474;283.96;26.4051
476.58;283.043;26.5197
475.678;282.131;26.5988
474.768;281.219;26.6411
473.853;280.309;26.7144
472.933;279.399;26.7865
472.007;278.489;26.8573
471.075;277.582;26.9209
470.135;276.68;27.0106
469.185;275.782;27.0395
468.224;274.892;27.091
467.25;274.013;27.1562
466.263;273.147;27.187
465.261;272.296;27.2094
464.243;271.462;27.1992
463.209;270.646;27.2328
462.159;269.849;27.2174
461.093;269.072;27.2194
460.012;268.315;27.2537
458.918;267.578;27.2498
457.809;266.859;27.3034
456.684;266.16;27.3085
455.545;265.482;27.3747
454.393;264.824;27.4204
453.228;264.183;27.4674
452.055;263.559;27.4935
450.871;262.95;27.5537
449.676;262.354;27.6366
448.47;261.776;27.6899
447.251;261.213;27.7399
446.022;260.669;27.7805
444.785;260.145;27.7908
443.54;259.638;27.8403
442.287;259.15;27.8387
441.023;258.685;27.8517
439.748;258.248;27.8176
438.462;257.842;27.7493
437.17;257.469;27.6423
435.876;257.132;27.5356
434.579;256.823;27.453
433.28;256.546;27.3773
431.977;256.298;27.2985
430.669;256.085;27.2152
429.354;255.914;27.1208
428.039;255.782;27.0345
426.726;255.692;26.9913
425.416;255.635;26.9477
424.108;255.61;26.9285
422.801;255.617;26.9035
421.493;255.654;26.897
420.184;255.73;26.892
418.876;255.844;26.9088
417.578;255.992;26.9022
416.284;256.172;26.9229
414.995;256.377;26.9502
413.711;256.608;27.0136
412.429;256.863;27.0549
411.148;257.147;27.0842
409.869;257.466;27.1128
408.599;257.814;27.1128
407.341;258.191;27.1322
406.091;258.595;27.1444
404.849;259.024;27.1552
403.616;259.479;27.1582
402.393;259.962;27.1581
401.18;260.483;27.1148
399.982;261.036;27.0867
398.807;261.621;27.0475
397.649;262.235;27.0081
396.507;262.876;26.9743
395.383;263.542;26.9355
394.276;264.236;26.9312
393.185;264.959;26.9088
392.115;265.717;26.8865
391.068;266.503;26.8786
390.046;267.315;26.8927
389.042;268.15;26.8973
388.056;269.006;26.97
387.085;269.882;27.0027
386.128;270.778;27.0713
385.183;271.696;27.175
384.249;272.631;27.2241
383.327;273.577;27.3066
382.412;274.534;27.4186
381.501;275.499;27.5028
380.592;276.471;27.5567
379.683;277.451;27.6688
378.775;278.437;27.7511
377.864;279.429;27.8305
376.954;280.425;27.8789
376.045;281.425;27.9856
375.137;282.43;28.0612
374.23;283.442;28.1071
373.327;284.462;28.18
372.428;285.49;28.2502
371.535;286.529;28.3419
370.65;287.577;28.4043
369.774;288.637;28.4632
368.909;289.709;28.5184
368.055;290.794;28.5457
367.215;291.893;28.6196
366.389;293.006;28.6422
365.578;294.133;28.7113
364.784;295.276;28.7551
364.007;296.433;28.7732
363.248;297.604;28.8429
362.506;298.786;28.8917
361.78;299.982;28.944
361.07;301.189;28.9746
360.374;302.409;29.0354
359.691;303.641;29.1296
359.02;304.885;29.1984
358.362;306.138;29.2715
357.715;307.399;29.3186
357.076;308.667;29.3978
356.443;309.942;29.5074
355.812;311.223;29.5599
355.181;312.509;29.6704
354.548;313.801;29.7198
353.911;315.097;29.8237
353.271;316.391;29.8673
352.626;317.685;29.9339
351.975;318.978;30.0032
351.317;320.273;30.1021
350.648;321.567;30.1437
349.969;322.862;30.2421
349.277;324.157;30.3092
348.578;325.448;30.3482
347.872;326.736;30.4397
347.16;328.022;30.4679
346.441;329.307;30.4618
345.716;330.589;30.4492
344.985;331.868;30.4825
344.246;333.15;30.5459
343.503;334.431;30.5862
342.757;335.709;30.6802
342.009;336.988;30.7222
341.254;338.271;30.8188
340.495;339.555;30.8885
339.731;340.84;30.9576
338.961;342.129;31.0227
338.446;342.99;31.0397
337.931;343.849;31.1074
337.413;344.706;31.1509
336.893;345.565;31.1948
336.37;346.424;31.2384
335.843;347.283;31.2557
335.312;348.141;31.3248
334.777;348.998;31.3414
334.239;349.855;31.3837
333.697;350.712;31.4499
333.151;351.569;31.4647
332.601;352.425;31.5291
332.048;353.278;31.5424
331.491;354.13;31.5821
330.929;354.981;31.6205
330.361;355.829;31.6583
329.789;356.676;31.6954
329.211;357.52;31.7313
328.627;358.362;31.7886
328.04;359.202;31.7975
327.446;360.04;31.8561
326.845;360.876;31.8637
326.239;361.71;31.9179
325.627;362.539;31.9231
325.008;363.363;31.9519
324.382;364.183;32.0031
323.749;364.999;32.0049
323.109;365.811;32.0523
322.463;366.618;32.0719
321.811;367.42;32.094
321.152;368.218;32.1176
320.483;369.013;32.1136
319.805;369.804;32.1269
319.121;370.585;32.1407
318.428;371.359;32.1573
317.727;372.126;32.1721
317.018;372.886;32.1862
316.302;373.64;32.1995
315.578;374.387;32.236
314.847;375.126;32.2505
314.108;375.859;32.2408
313.357;376.587;32.2727
312.597;377.306;32.2765
311.831;378.015;32.258
311.056;378.713;32.2847
310.274;379.402;32.2866
309.483;380.082;32.2865
308.686;380.753;32.2849
307.881;381.415;32.2628
307.069;382.069;32.2832
306.249;382.713;32.2594
305.42;383.348;32.2733
304.582;383.972;32.2422
303.737;384.584;32.2509
302.887;385.184;32.2237
302.029;385.774;32.2375
301.165;386.355;32.2269
300.295;386.926;32.199
299.417;387.485;32.2111
298.533;388.035;32.1806
297.643;388.573;32.1941
296.746;389.1;32.167
295.842;389.616;32.1809
294.933;390.121;32.155
294.017;390.614;32.1549
293.095;391.097;32.1559
292.167;391.568;32.1632
291.234;392.028;32.1669
290.294;392.476;32.2033
289.349;392.914;32.1891
288.4;393.341;32.2085
287.445;393.757;32.2321
286.484;394.164;32.2846
285.52;394.561;32.2889
284.55;394.948;32.3522
283.576;395.327;32.3906
282.598;395.698;32.4331
281.616;396.062;32.4785
280.63;396.418;32.4968
279.64;396.769;32.5747
278.648;397.114;32.5972
277.652;397.456;32.6776
276.654;397.794;32.7302
275.653;398.129;32.7545
274.649;398.463;32.8352
273.644;398.797;32.8863
272.638;399.131;32.9367
271.63;399.466;32.9587
270.62;399.802;33.0295
269.611;400.141;33.0532
268.6;400.482;33.099
267.589;400.827;33.1438
266.577;401.174;33.2144
265.566;401.526;33.2587
264.553;401.881;33.2768
263.541;402.239;33.321
262.529;402.602;33.391
261.516;402.968;33.4099
260.503;403.338;33.4548
259.49;403.712;33.5003
258.477;404.088;33.5721
257.463;404.468;33.5926
256.448;404.851;33.6658
255.433;405.236;33.7131
254.417;405.623;33.7605
253.401;406.012;33.782
252.383;406.402;33.8559
251.364;406.794;33.9033
250.343;407.186;33.9247
249.321;407.578;33.972
248.297;407.97;34.0447
247.272;408.362;34.0652
246.245;408.752;34.1113
245.215;409.142;34.1825
244.183;409.529;34.2276
243.149;409.915;34.2466
242.113;410.299;34.3162
241.075;410.68;34.3602
240.033;411.059;34.3786
238.99;411.435;34.4474
237.944;411.808;34.4909
236.895;412.178;34.5091
235.844;412.545;34.5783
234.79;412.909;34.6191
233.734;413.27;34.6406
232.675;413.628;34.7106
231.613;413.984;34.7549
230.55;414.336;34.8001
229.484;414.686;34.82
228.415;415.034;34.8657
227.345;415.38;34.9377
226.272;415.723;34.984
225.197;416.066;35.005
224.121;416.406;35.0518
223.042;416.746;35.0987
221.961;417.085;35.1455
220.879;417.424;35.218
219.795;417.762;35.2394
218.71;418.1;35.286
217.623;418.438;35.358
216.534;418.776;35.4045
215.444;419.115;35.4509
214.353;419.453;35.472
213.26;419.792;35.5437
212.165;420.131;35.5647
211.069;420.47;35.6364
209.971;420.808;35.6573
208.872;421.145;35.7281
207.77;421.481;35.7485
206.666;421.815;35.8177
205.56;422.147;35.8612
204.452;422.476;35.9039
203.342;422.802;35.9213
202.229;423.124;35.9858
201.113;423.442;36.0248
199.995;423.755;36.0384
198.874;424.064;36.0747
197.75;424.366;36.1102
196.623;424.663;36.1687
195.494;424.954;36.203
194.362;425.239;36.2129
193.227;425.517;36.2472
192.089;425.789;36.2824
190.949;426.055;36.344
189.806;426.314;36.3822
188.66;426.568;36.397
187.512;426.816;36.4645
186.362;427.059;36.483
185.209;427.298;36.5546
184.053;427.532;36.6023
182.896;427.763;36.6251
181.737;427.992;36.7007
180.576;428.219;36.7504
179.412;428.445;36.7744
178.248;428.671;36.8231
177.082;428.897;36.8707
175.915;429.124;36.9421
174.746;429.354;36.9625
173.577;429.585;37.0318
172.406;429.819;37.0512
171.235;430.056;37.0956
170.062;430.295;37.1402
168.889;430.536;37.2105
167.714;430.78;37.2565
166.539;431.026;37.303
165.362;431.274;37.3249
164.184;431.522;37.3723
163.005;431.772;37.4192
161.824;432.021;37.4663
160.641;432.269;37.5369
159.457;432.516;37.5569
158.271;432.76;37.6002
157.082;433.001;37.6419
155.892;433.239;37.7057
154.699;433.472;37.7435
153.504;433.7;37.7792
152.307;433.923;37.8143
151.108;434.14;37.848
149.906;434.351;37.8806
148.702;434.556;37.9132
147.495;434.754;37.9218
146.287;434.946;37.9795
145.076;435.131;37.9894
143.863;435.309;38.0247
142.648;435.48;38.086
141.431;435.646;38.1204
140.212;435.805;38.1403
138.991;435.959;38.182
137.768;436.107;38.2256
136.543;436.25;38.296
135.316;436.388;38.317
134.087;436.523;38.3641
132.857;436.655;38.4367
131.625;436.783;38.4599
130.391;436.91;38.5082
129.155;437.035;38.5813
127.917;437.158;38.6036
126.679;437.281;38.6758
125.438;437.403;38.6973
124.196;437.525;38.7687
122.952;437.646;38.7897
121.708;437.767;38.8605
120.461;437.886;38.9044
119.213;438.005;38.9515
117.963;438.122;38.9719
116.712;438.237;39.0164
115.458;438.35;39.0838
114.204;438.46;39.1017
112.947;438.566;39.1421
111.689;438.668;39.2044
110.43;438.765;39.2182
109.168;438.857;39.2768
107.905;438.943;39.3108
106.641;439.023;39.3439
105.375;439.097;39.376
104.107;439.164;39.4078
102.838;439.225;39.4397
101.567;439.278;39.472
100.296;439.325;39.5057
99.0222;439.365;39.5162
97.7475;439.398;39.5768
96.4716;439.425;39.615
95.1943;439.446;39.6306
93.9156;439.461;39.6975
92.6356;439.471;39.7166
91.3545;439.476;39.787
90.0718;439.477;39.8087
88.7876;439.474;39.8809
87.5021;439.469;39.9033
86.2152;439.46;39.9504
84.9269;439.449;40.0221
83.6371;439.437;40.0684
82.3459;439.423;40.1142
81.0533;439.409;40.1348
79.7592;439.393;40.18
78.4637;439.376;40.2493
77.1668;439.357;40.2933
75.8685;439.337;40.3129
74.5688;439.316;40.3559
73.2679;439.291;40.421
71.9656;439.264;40.4612
70.662;439.234;40.477
69.3574;439.199;40.5141
68.0518;439.161;40.5711
66.745;439.117;40.6042
65.4373;439.068;40.6358
64.1287;439.013;40.6445
62.8193;438.952;40.6963
61.5091;438.884;40.7039
60.1981;438.811;40.7562
58.8866;438.73;40.7644
57.5745;438.644;40.8191
56.2616;438.551;40.8295
54.9481;438.452;40.8878
53.6339;438.346;40.925
52.3189;438.235;40.964
51.0029;438.119;40.9814
49.6863;437.998;41.0473
48.3692;437.873;41.0913
47.0509;437.745;41.1119
45.7315;437.613;41.1812
44.4109;437.479;41.2021
43.0891;437.343;41.2469
41.7661;437.205;41.315
40.4416;437.066;41.3585
39.116;436.926;41.4017
37.7895;436.785;41.4206
36.4615;436.644;41.4872
35.1321;436.502;41.5293
33.8015;436.359;41.5476
32.4695;436.214;41.6117
31.1366;436.067;41.6518
29.8021;435.917;41.667
28.4678;435.764;41.703
27.1327;435.607;41.7568
25.7968;435.445;41.7857
24.4607;435.277;41.81
23.1244;435.103;41.8117
21.7884;434.921;41.826
20.4525;434.73;41.835
19.1178;434.531;41.8525
17.7849;434.323;41.8504
16.4531;434.105;41.8276
15.1228;433.877;41.8135
13.7944;433.637;41.7948
12.4682;433.385;41.7849
11.1447;433.122;41.7591
9.82335;432.845;41.7275
8.50674;432.556;41.6997
7.19293;432.255;41.6512
5.88252;431.941;41.6129
4.57615;431.614;41.5727
3.27389;431.272;41.5315
1.97601;430.916;41.4899
0.683258;430.547;41.4672
-0.604734;430.162;41.4091
-1.88737;429.763;41.3668
-3.16382;429.35;41.3443
-4.43459;428.923;41.2947
-5.6996;428.484;41.2814
-6.95925;428.031;41.2492
-8.21299;427.564;41.1988
-9.46109;427.081;41.1766
-10.702;426.584;41.1223
-11.9343;426.072;41.1077
-13.1598;425.546;41.0581
-14.3782;425.006;41.0259
-15.5893;424.453;41.0138
-16.7931;423.886;40.9861
-17.9902;423.305;40.9396
-19.1797;422.709;40.9253
-20.3599;422.099;40.8774
-21.5307;421.475;40.8719
-22.6946;420.837;40.8296
-23.8491;420.188;40.8076
-24.9949;419.525;40.804
-26.1332;418.847;40.7753
-27.2624;418.154;40.7442
-28.3811;417.448;40.7191
-29.4887;416.729;40.6719
-30.5878;415.999;40.6868
-31.6783;415.257;40.6521
-32.76;414.503;40.6423
-33.8331;413.737;40.6561
-34.8983;412.962;40.6559
-35.9565;412.171;40.6528
-37.0056;411.369;40.6432
-38.0419;410.556;40.6195
-39.0682;409.732;40.6435
-40.0857;408.898;40.6226
-41.0946;408.055;40.6458
-42.0956;407.199;40.622
-43.0892;406.329;40.6101
-44.0711;405.449;40.6101
-45.0393;404.562;40.5738
-45.9974;403.664;40.5739
-46.9461;402.758;40.5315
-47.8848;401.842;40.5013
-48.8133;400.918;40.4636
-49.7335;399.978;40.4034
-50.6423;399.024;40.3145
-51.5312;398.069;40.2358
-52.4045;397.106;40.156
-53.2674;396.136;40.062
-54.1189;395.159;39.95
-54.9577;394.172;39.8215
-55.7831;393.169;39.654
-56.5901;392.163;39.5036
-57.3743;391.157;39.3596
-58.1469;390.142;39.2152
-58.9068;389.123;39.0739
-59.6532;388.098;38.9214
-60.3856;387.068;38.7634
-61.1005;386.028;38.5954
-61.7995;384.978;38.3802
-62.4742;383.925;38.1931
-63.1288;382.867;38.022
-63.7666;381.805;37.8494
-64.3894;380.74;37.6954
-64.9976;379.672;37.5476
-65.5918;378.599;37.2927
-66.1672;377.517;37.1934
-66.7229;376.429;36.9718
-67.2553;375.338;36.7838
-67.7666;374.245;36.6341
-68.2602;373.15;36.4704
-68.7365;372.052;36.3314
-69.1955;370.95;36.1841
-69.6363;369.846;36.0433
-70.0576;368.738;35.9033
-70.4597;367.629;35.7529
-70.842;366.518;35.6304
-71.205;365.405;35.5201
-71.5475;364.293;35.4446
-71.8732;363.178;35.3319
-72.1818;362.062;35.2451
-72.4732;360.946;35.185
-72.7462;359.828;35.117
-73.0007;358.71;35.0382
-73.2382;357.591;35.008
-73.4577;356.471;34.9665
-73.6609;355.35;34.9353
-73.8476;354.229;34.9162
-74.0185;353.108;34.8795
-74.1755;351.985;34.9113
-74.3186;350.862;34.8984
-74.4511;349.737;34.9526
-74.5735;348.611;34.9654
-74.688;347.484;35.0442
-74.7973;346.357;35.0753
-74.9041;345.23;35.1395
-75.0106;344.101;35.2161
-75.1196;342.972;35.2278
-75.2346;341.843;35.2369
-75.3567;340.715;35.2158
-75.49;339.589;35.1727
-75.6347;338.464;35.0681
-75.7912;337.344;34.9471
-75.9627;336.227;34.8
-76.1493;335.115;34.5968
-76.3499;334.009;34.3861
-76.5688;332.9;34.14
-76.8017;331.807;33.8518
-77.0495;330.723;33.5712
-77.3145;329.648;33.2688
-77.5962;328.581;32.9342
-77.8934;327.525;32.6043
-78.2068;326.48;32.273
-78.5372;325.447;31.9371
-78.8844;324.426;31.5778
-79.2476;323.418;31.2361
-79.6275;322.426;30.8913
-80.0239;321.448;30.5471
-80.4367;320.485;30.2067
-80.8655;319.54;29.873
-81.3098;318.611;29.5514
-81.7691;317.7;29.2425
-82.2431;316.807;28.9454
-82.7314;315.931;28.6635
-83.4897;314.654;28.2698
-84.278;313.419;27.9144
-85.095;312.227;27.5942
-85.9393;311.079;27.3109
-86.81;309.976;27.0622
-87.7058;308.918;26.8455
-88.6258;307.905;26.6575
-89.569;306.937;26.4941
-90.5344;306.013;26.3509
-91.5208;305.134;26.2235
-92.5271;304.299;26.1113
-93.5525;303.507;26.0021
-94.596;302.757;25.9037
-95.6563;302.048;25.7836
-96.7326;301.378;25.7372
-97.824;300.748;25.6639
-98.9301;300.156;25.5845
-100.05;299.601;25.5529
-101.184;299.082;25.5238
-102.33;298.598;25.4885
-103.489;298.145;25.5547
-104.659;297.72;25.6203
-105.842;297.319;25.7175
-107.034;296.937;25.7959
-108.236;296.567;25.9318
-109.443;296.197;26.0543
-110.65;295.818;26.161
-111.853;295.418;26.1675
-113.047;294.991;26.1476
-114.23;294.536;26.0782
-115.397;294.05;25.9815
-116.547;293.533;25.818
-117.677;292.983;25.6641
-118.786;292.402;25.4793
-119.871;291.789;25.301
-120.931;291.145;25.1392
-121.967;290.471;24.9769
-122.977;289.768;24.8764
-123.962;289.037;24.8562
-124.923;288.28;24.8617
-125.862;287.496;24.9094
-126.782;286.69;25.0175
-127.687;285.866;25.1249
-128.585;285.029;25.3151
-129.485;284.189;25.4378
-130.394;283.354;25.4818
-131.32;282.536;25.5167
-132.265;281.74;25.4524
-133.229;280.97;25.3656
-134.212;280.228;25.2486
-135.213;279.518;25.1155
-136.23;278.838;24.9732
-137.265;278.192;24.8616
-138.314;277.579;24.7164
-139.379;277;24.6222
-140.457;276.456;24.5628
-141.549;275.944;24.571
-142.652;275.464;24.5942
-143.767;275.012;24.62
-144.893;274.584;24.7537
-146.029;274.176;24.8718
-147.171;273.78;24.9914
-148.319;273.386;25.0645
-149.467;272.984;25.141
-150.613;272.567;25.2134
-151.754;272.131;25.2107
-152.886;271.673;25.2408
-154.01;271.192;25.2133
-155.124;270.687;25.2085
-156.228;270.158;25.2092
-157.32;269.605;25.2199
-158.402;269.03;25.2542
-159.473;268.433;25.2834
-160.535;267.815;25.3359
-161.589;267.18;25.3998
-162.636;266.53;25.472
-163.679;265.866;25.5782
-164.72;265.194;25.6242
-165.761;264.515;25.7281
-166.804;263.833;25.7695
-167.85;263.151;25.8673
-168.9;262.468;25.9333
-169.955;261.788;25.9688
-171.022;261.106;26.062
-172.087;260.431;26.0973
-173.158;259.757;26.1899
-174.233;259.084;26.2544
-175.312;258.413;26.2907
-176.396;257.743;26.3551
-177.482;257.071;26.4466
-178.571;256.398;26.5102
-179.662;255.721;26.5733
-180.754;255.042;26.6355
-181.847;254.357;26.6967
-182.94;253.668;26.7569
-184.032;252.971;26.8159
-185.123;252.268;26.8739
-186.212;251.556;26.9307
-187.299;250.836;26.9866
-188.383;250.107;27.0417
-189.463;249.367;27.096
-190.54;248.618;27.1492
-191.612;247.858;27.1771
-192.68;247.087;27.2542
-193.742;246.305;27.2811
-194.8;245.511;27.3323
-195.851;244.706;27.4077
-196.896;243.889;27.458
-197.936;243.06;27.508
-198.968;242.218;27.5577
-199.994;241.365;27.5825
-201.012;240.499;27.6318
-202.023;239.622;27.6809
-203.027;238.731;27.7545
-204.022;237.829;27.8036
-205.01;236.915;27.828
-205.99;235.988;27.9021
-206.962;235.05;27.9269
-207.926;234.1;28.0032
-208.882;233.138;28.0559
-209.831;232.167;28.0843
-210.774;231.185;28.1407
-211.712;230.194;28.1992
-212.644;229.195;28.2846
-213.572;228.188;28.3186
-214.498;227.175;28.4067
-215.422;226.156;28.4685
-216.345;225.132;28.5036
-217.267;224.104;28.5918
-218.191;223.073;28.653
-219.115;222.039;28.7139
-220.041;221.002;28.7479
-220.969;219.963;28.8083
-221.898;218.921;28.8952
-222.829;217.877;28.9551
-223.761;216.83;29.0146
-224.694;215.78;29.0741
-225.628;214.727;29.1333
-226.561;213.67;29.1922
-227.495;212.609;29.2245
-228.427;211.543;29.3074
-229.356;210.471;29.3623
-230.282;209.393;29.4157
-231.203;208.307;29.443
-232.118;207.213;29.4929
-233.026;206.11;29.5645
-233.927;204.997;29.6098
-234.818;203.874;29.6532
-235.699;202.741;29.6948
-236.569;201.597;29.7113
-237.428;200.442;29.7501
-238.275;199.275;29.7881
-239.109;198.097;29.8501
-239.93;196.907;29.8895
-240.738;195.707;29.9059
-241.534;194.495;29.9481
-242.318;193.274;29.9919
-243.089;192.041;30.0371
-243.848;190.799;30.0835
-244.595;189.547;30.1311
-245.331;188.286;30.1792
-246.056;187.016;30.2277
-246.769;185.737;30.3008
-247.472;184.449;30.3486
-248.163;183.152;30.3711
-248.842;181.847;30.4171
-249.509;180.533;30.4831
-250.162;179.21;30.4999
-250.802;177.878;30.5609
-251.426;176.537;30.5731
-252.034;175.186;30.6288
-252.626;173.826;30.6362
-253.2;172.457;30.6868
-253.755;171.079;30.6891
-254.291;169.692;30.7341
-254.806;168.295;30.7331
-255.301;166.89;30.7605
-255.775;165.477;30.8002
-256.229;164.055;30.8009
-256.661;162.626;30.8337
-257.072;161.189;30.8768
-257.463;159.745;30.8827
-257.833;158.294;30.9409
-258.184;156.837;30.9786
-258.407;155.862;30.9803
-258.623;154.884;31.0358
-258.83;153.904;31.0399
-259.031;152.921;31.0707
-259.224;151.936;31.1292
-259.41;150.949;31.1619
-259.59;149.959;31.1687
-259.762;148.967;31.2014
-259.929;147.973;31.2597
-260.089;146.977;31.2669
-260.243;145.979;31.3262
-260.391;144.979;31.3588
-260.532;143.978;31.3908
-260.668;142.974;31.4223
-260.798;141.968;31.4543
-260.921;140.961;31.46
-261.039;139.952;31.5165
-261.15;138.941;31.5468
-261.255;137.929;31.5777
-261.354;136.914;31.5823
-261.446;135.899;31.6379
-261.532;134.881;31.6418
-261.611;133.863;31.6961
-261.683;132.842;31.6998
-261.749;131.821;31.7289
-261.808;130.798;31.7823
-261.86;129.774;31.8097
-261.905;128.748;31.8364
-261.943;127.722;31.8637
-261.973;126.694;31.8905
-261.997;125.665;31.8916
-262.012;124.635;31.9424
-262.021;123.604;31.9676
-262.021;122.573;31.9935
-262.015;121.54;32.0189
-262;120.507;32.0189
-261.978;119.473;32.0437
-261.948;118.439;32.0682
-261.91;117.403;32.093
-261.864;116.368;32.1182
-261.811;115.332;32.1684
-261.75;114.295;32.1677
-261.68;113.259;32.2167
-261.603;112.222;32.2416
-261.517;111.185;32.2659
-261.424;110.148;32.2646
-261.322;109.11;32.288
-261.212;108.073;32.3109
-261.094;107.037;32.3339
-260.967;106;32.3573
-260.833;104.963;32.3806
-260.69;103.927;32.4284
-260.539;102.892;32.4258
-260.379;101.856;32.4739
-260.211;100.822;32.4971
-260.035;99.7877;32.5203
-259.851;98.7544;32.5181
-259.658;97.7218;32.5663
-259.456;96.6901;32.5643
-259.247;95.6592;32.5886
-259.03;94.6292;32.6383
-258.804;93.6001;32.6368
-258.57;92.5722;32.6855
-258.328;91.5454;32.7082
-258.077;90.5199;32.7312
-257.818;89.4957;32.7544
-257.551;88.4728;32.7772
-257.276;87.4514;32.7745
-256.992;86.4315;32.8217
-256.7;85.4132;32.8437
-256.4;84.3965;32.8408
-256.091;83.3816;32.8629
-255.774;82.3685;32.909
-255.448;81.3574;32.9291
-255.114;80.3485;32.9481
-254.771;79.342;32.9518
-254.419;78.3378;32.9848
-254.058;77.3361;33.0015
-253.688;76.3371;32.9929
-253.309;75.3412;33.03
-252.92;74.3484;33.0185
-252.522;73.3588;33.0307
-252.114;72.3727;33.0415
-251.697;71.3902;33.074
-251.269;70.4116;33.0813
-250.832;69.4371;33.0641
-250.384;68.467;33.0683
-249.926;67.5013;33.0968
-249.458;66.5403;33.1004
-248.979;65.5842;33.0798
-248.49;64.6331;33.1046
-247.991;63.6874;33.0824
-247.481;62.7472;33.0824
-246.961;61.8126;33.084
-246.43;60.8837;33.1089
-245.889;59.9607;33.0865
-245.337;59.0438;33.0875
-244.775;58.1332;33.0884
-244.202;57.229;33.1138
-243.62;56.3311;33.0928
-243.027;55.4397;33.0974
-242.425;54.5547;33.103
-241.812;53.6763;33.1098
-241.19;52.8046;33.1174
-240.559;51.9396;33.126
-239.918;51.0811;33.1378
-239.267;50.2291;33.1761
-238.608;49.3837;33.1898
-237.94;48.5449;33.1792
-237.263;47.7128;33.219
-236.577;46.8873;33.235
-235.883;46.0683;33.2267
-235.181;45.2556;33.2543
-234.47;44.4495;33.263
-233.752;43.6497;33.2815
-233.025;42.8564;33.3252
-232.291;42.0697;33.3182
-231.549;41.2895;33.3619
-230.799;40.5157;33.381
-230.043;39.7484;33.3995
-229.278;38.9876;33.3924
-228.507;38.2336;33.4099
-227.728;37.4863;33.4518
-226.941;36.7459;33.4689
-226.148;36.0123;33.4609
-225.347;35.2854;33.4784
-224.54;34.5655;33.5211
-223.726;33.8527;33.5127
-222.904;33.1469;33.5546
-222.076;32.4484;33.5709
-221.241;31.7572;33.5877
-220.399;31.0732;33.6052
-219.551;30.3964;33.6226
-218.697;29.727;33.6147
-217.835;29.0649;33.6581
-216.968;28.4103;33.6507
-216.094;27.763;33.6691
-215.214;27.1233;33.6876
-214.328;26.4907;33.7342
-213.436;25.8653;33.7548
-212.538;25.2473;33.7754
-211.635;24.6366;33.7959
-210.726;24.0334;33.7909
-209.811;23.4378;33.8351
-208.89;22.8498;33.8289
-207.964;22.2694;33.8738
-207.033;21.6965;33.8926
-206.096;21.1313;33.8857
-205.154;20.5741;33.9113
-204.206;20.025;33.9425
-203.253;19.4842;33.9324
-202.295;18.9521;33.9444
-201.331;18.4286;33.9809
-200.362;17.9139;33.9912
-199.388;17.4083;33.9999
-198.409;16.9121;34.0069
-197.424;16.4256;33.989
-196.435;15.949;33.9926
-195.44;15.4827;33.9942
-194.44;15.0269;33.9939
-193.436;14.5816;33.9941
-192.426;14.147;33.9927
-191.412;13.7235;33.9904
-190.393;13.3112;33.9872
-189.37;12.9102;33.9837
-188.342;12.5206;33.9787
-187.31;12.1428;33.9998
-186.273;11.7767;33.9973
-185.233;11.4221;33.9965
-184.189;11.0792;33.9968
-183.14;10.7478;33.9986
-182.089;10.4281;33.9772
-181.033;10.1199;34.0079
-179.974;9.82312;33.9904
-178.912;9.53754;34.0006
-177.847;9.26277;34.0417
-176.779;8.99852;34.0593
-175.708;8.74453;34.0795
-174.634;8.50055;34.0753
-173.557;8.26625;34.1137
-172.478;8.04133;34.127
-171.396;7.82523;34.1557
-170.312;7.61758;34.214
-169.225;7.4177;34.2187
-168.136;7.22519;34.2524
-167.045;7.03965;34.287
-165.952;6.86059;34.3505
-164.857;6.68742;34.3589
-163.76;6.5198;34.4233
-162.661;6.3573;34.4601
-161.54;6.19672;34.4987
-160.411;6.03953;34.5276
-159.288;5.88762;34.5755
-158.132;5.73539;34.614
-156.982;5.58785;34.6239
-155.827;5.4434;34.6903
-154.691;5.30492;34.6998
-153.539;5.16785;34.765
-152.386;5.03418;34.8018
-151.232;4.90394;34.8383
-150.08;4.7775;34.8738
-148.941;4.6559;34.9091
-147.788;4.53652;34.9168
-146.609;4.41863;34.9518
-145.433;4.30523;35.0133
-144.261;4.19676;35.0367
-143.071;4.09125;35.0528
-141.881;3.99062;35.0858
-140.7;3.89578;35.1178
-139.488;3.80391;35.15
-138.29;3.71855;35.2087
-137.094;3.63891;35.2282
-135.876;3.56352;35.2714
-134.648;3.49344;35.2761
-133.405;3.42828;35.3379
-132.137;3.36797;35.371
-130.861;3.3134;35.3938
-129.614;3.26582;35.4106
-128.353;3.2232;35.4454
-127.08;3.18555;35.5098
-125.801;3.15293;35.5463
-124.516;3.12488;35.5548
-123.243;3.10148;35.622
-121.956;3.08187;35.6588
-120.68;3.06598;35.6683
-119.43;3.05336;35.7348
-118.161;3.0432;35.773
-116.892;3.03527;35.8106
-115.636;3.02914;35.8484
-114.381;3.02437;35.8864
-113.095;3.02051;35.8965
-111.826;3.0173;35.9624
-110.568;3.01445;35.9716
-109.29;3.01152;36.0377
-108.003;3.00828;36.0469
-106.736;3.00453;36.1112
-105.495;3.0002;36.1468
-104.268;2.99504;36.1549
-103.028;2.98887;36.1905
-101.785;2.9816;36.2528
-100.562;2.9734;36.2878
-99.3259;2.96395;36.3226
-98.1012;2.95344;36.3306
-96.8805;2.94191;36.3918
-95.66;2.9293;36.426
-94.4473;2.91574;36.4338
-93.2346;2.90125;36.4943
-92.0198;2.8859;36.5021
-90.8141;2.86992;36.536
-89.6237;2.85344;36.5861
-88.4354;2.83648;36.6027
-87.2342;2.81891;36.662
-86.0377;2.80105;36.6952
-84.8377;2.78285;36.703
-83.6373;2.76453;36.7363
-82.4516;2.74641;36.7946
-81.2648;2.72828;36.8183
-80.076;2.71023;36.8606
-78.872;2.69215;36.8678
-77.6746;2.67441;36.9006
-76.475;2.65691;36.9334
-75.2693;2.63965;36.9663
-74.0679;2.62281;37.0244
-72.8737;2.60641;37.0315
-71.6784;2.59035;37.0639
-70.4821;2.57469;37.1216
-69.2848;2.55938;37.154
-68.0863;2.54434;37.1863
-66.8869;2.52961;37.2186
-65.6864;2.51516;37.2256
-64.4848;2.50102;37.2831
-63.2822;2.48699;37.3153
-62.0786;2.4732;37.3222
-60.874;2.45957;37.3796
-59.6683;2.44598;37.4117
-58.4615;2.43246;37.4438
-57.2537;2.41895;37.4506
-56.0449;2.40543;37.5078
-54.8351;2.39188;37.5305
-53.6242;2.37828;37.5718
-52.4123;2.36457;37.5784
-51.1994;2.35078;37.6103
-49.9855;2.33687;37.6674
-48.7705;2.32285;37.6992
-47.5545;2.30867;37.7216
-46.3375;2.29434;37.7627
-45.1194;2.27984;37.7692
-43.9004;2.26523;37.8261
-42.6803;2.25055;37.8578
-41.4592;2.2357;37.8894
-40.2371;2.22074;37.921
-39.0139;2.20574;37.9274
-37.7898;2.19062;37.9841
-36.5646;2.17547;38.0156
-35.3384;2.16023;38.0219
-34.1112;2.14492;38.0785
-32.883;2.12965;38.1099
-31.6538;2.11437;38.1413
-30.4235;2.09906;38.1727
-29.1923;2.08379;38.1946
-27.96;2.06852;38.2102
-26.7267;2.05328;38.2666
-25.4925;2.03809;38.2978
-24.2572;2.02293;38.3291
-23.0209;2.00781;38.3602
-21.7836;1.99277;38.3914
-20.5453;1.97777;38.4225
-19.306;1.96281;38.4536
-18.0656;1.94785;38.4847
-16.8243;1.93297;38.4906
-15.582;1.91812;38.5216
-14.3387;1.90328;38.5777
-13.0944;1.88852;38.6086
-11.849;1.87379;38.6396
-10.6027;1.85906;38.6454
-9.35542;1.84438;38.6763
-8.10713;1.82969;38.7322
-6.85784;1.81496;38.763
-5.60756;1.80027;38.7938
-4.35627;1.78559;38.8245
-3.10399;1.7709;38.8302
-1.85071;1.75617;38.8609
