1.01526;-3.90625e-05;2.85699
2.01827;-3.90625e-05;2.96971
3.06329;7.8125e-05;3.22482
4.07989;0.000195312;3.80787
5.11979;0.0003125;4.24011
6.18749;0.000898437;4.62741
7.19735;0.00140625;5.05855
8.21727;0.001875;5.55013
9.23592;0.00230469;5.97616
10.3384;0.00273437;6.49932
11.4152;0.003125;6.85405
12.5161;0.00351562;6.88066
13.5645;0.00414062;7.52104
14.693;0.00480469;8.07717
15.761;0.00542969;8.47573
16.8877;0.00609375;8.92531
17.92;0.00664062;9.30509
18.9944;0.0071875;9.72787
20.1098;0.0078125;10.0322
21.2651;0.00863281;10.381
22.2862;0.00933594;10.6727
23.3353;0.0100391;11.009
24.4117;0.0107422;11.2877
25.5147;0.0114453;11.5112
26.6437;0.0124219;11.8215
27.7976;0.0133594;12.0305
28.9759;0.0142969;12.2784
30.1775;0.0152344;12.5144
31.1959;0.0160156;12.704
32.2285;0.0169531;12.9022
33.2717;0.0179297;12.9538
34.3151;0.0189062;12.9391
35.3556;0.0198828;12.823
36.3837;0.0208594;12.6763
37.4019;0.0218359;12.5887
38.4134;0.0228125;12.5202
39.4215;0.0237891;12.4914
40.4292;0.0247656;12.505
41.4388;0.0257422;12.5325
42.4524;0.0267187;12.5899
43.4715;0.0276953;12.6852
44.4975;0.0286719;12.7566
45.5314;0.0296875;12.8604
46.5699;0.0308594;12.8729
47.6071;0.0320312;12.8582
48.653;0.0332031;13.1268
49.7207;0.034375;13.3927
50.8094;0.0355469;13.6539
51.9189;0.0367969;13.8563
53.0489;0.0381641;14.1094
54.1989;0.0395312;14.4111
55.3689;0.0408984;14.6554
56.5583;0.0423047;14.8446
57.767;0.0438672;15.0823
58.9947;0.0454297;15.3668
60.2409;0.0470312;15.5472
61.2429;0.0482812;15.5348
62.2443;0.0495312;15.5203
63.2503;0.0507422;15.7226
64.2697;0.0521875;15.9251
65.302;0.0535937;16.1229
66.3468;0.055;16.2643
67.4041;0.0564062;16.4539
68.4732;0.0578125;16.6887
69.5541;0.059375;16.8202
70.6465;0.0609375;16.9974
71.7501;0.0625;17.2176
72.8648;0.0640625;17.3406
73.9903;0.0657031;17.5525
75.1264;0.0674219;17.6707
76.2729;0.0691406;17.8313
77.4297;0.0708594;18.0324
78.5965;0.0726172;18.1445
79.7733;0.0744922;18.2976
80.9599;0.0763672;18.4902
82.1562;0.0782422;18.6387
83.3619;0.0801172;18.7853
84.5771;0.0820312;18.9303
85.8016;0.0840625;19.0738
87.0354;0.0860937;19.2158
88.2782;0.088125;19.3565
89.5301;0.0901562;19.4957
90.791;0.0921875;19.6325
92.0606;0.094375;19.7674
93.3388;0.0965625;19.8626
94.6256;0.09875;19.9941
95.9208;0.100938;20.124
97.2243;0.103125;20.2888
98.536;0.105469;20.4147
99.8558;0.107812;20.5033
101.184;0.110156;20.6262
102.185;0.111914;20.7507
103.19;0.113711;20.8386
104.199;0.115586;20.8916
105.213;0.117461;20.9771
106.231;0.119336;21.0611
107.252;0.121211;21.1751
108.278;0.123086;21.223
109.307;0.124961;21.3292
110.34;0.126836;21.4034
111.377;0.12875;21.4763
112.417;0.130742;21.5192
113.461;0.132734;21.6178
114.508;0.134727;21.6869
115.558;0.136719;21.7279
116.611;0.138711;21.7957
117.668;0.140781;21.89
118.728;0.142891;21.9518
119.791;0.145;21.9962
120.858;0.147109;22.0898
121.928;0.149219;22.1293
123.001;0.151328;22.196
124.077;0.153555;22.2909
125.156;0.155781;22.3311
126.239;0.158008;22.3997
127.325;0.160273;22.4683
128.414;0.1625;22.5372
129.507;0.164766;22.6065
130.603;0.167109;22.7046
131.703;0.169453;22.7746
132.806;0.171797;22.8162
133.912;0.174141;22.9148
135.022;0.176484;22.9565
136.134;0.178828;22.997
137.246;0.18125;22.9813
138.357;0.183711;22.9641
139.468;0.186172;22.9803
140.584;0.188633;23.0764
141.704;0.191094;23.2044
142.828;0.193555;23.2669
143.957;0.196016;23.3588
145.09;0.198594;23.4487
146.228;0.201172;23.5368
147.37;0.20375;23.6567
148.515;0.206328;23.7402
149.665;0.208906;23.8224
150.819;0.211523;23.8709
151.977;0.214219;23.9502
153.138;0.216914;24.0265
154.303;0.219609;24.1293
155.471;0.222344;24.1707
156.643;0.225156;24.2391
157.818;0.227969;24.3338
158.996;0.230781;24.3715
160.178;0.233594;24.4348
161.362;0.236406;24.4974
162.549;0.239219;24.5861
163.74;0.24207;24.6473
164.933;0.245;24.6818
166.129;0.24793;24.7677
167.328;0.250859;24.8026
168.531;0.253789;24.8639
169.736;0.256719;24.9258
170.944;0.259766;24.9881
172.155;0.262812;25.0508
173.369;0.265859;25.1411
174.586;0.268906;25.2044
175.807;0.271953;25.2407
177.03;0.275117;25.3041
178.257;0.278281;25.3679
179.486;0.281445;25.4596
180.719;0.284609;25.5246
181.955;0.287773;25.5899
183.194;0.291094;25.6555
184.436;0.294375;25.7213
185.681;0.297656;25.7595
186.93;0.300938;25.8257
188.182;0.304219;25.892
189.437;0.307617;25.9583
190.695;0.311016;26.0248
191.956;0.314414;26.0913
193.221;0.317813;26.186
194.489;0.321211;26.2524
195.76;0.324609;26.3188
197.034;0.328125;26.3853
198.312;0.331641;26.4518
199.593;0.335156;26.49
200.876;0.338672;26.5563
202.164;0.342227;26.6504
203.454;0.345859;26.6883
204.747;0.349492;26.7824
206.044;0.353125;26.82
207.344;0.356758;26.9133
208.647;0.360508;26.9506
209.953;0.364297;27.0155
211.263;0.368047;27.1082
212.575;0.371797;27.1452
213.891;0.375586;27.2099
215.209;0.379453;27.3021
216.531;0.38332;27.3654
217.856;0.387187;27.4284
219.184;0.391055;27.4638
220.515;0.395039;27.5263
221.849;0.399023;27.6095
223.186;0.403008;27.6783
224.526;0.406992;27.7137
225.869;0.410977;27.7765
227.215;0.415078;27.8392
228.564;0.41918;27.9019
229.916;0.423281;27.9919
231.271;0.427383;28.0271
232.629;0.431602;28.1172
233.991;0.43582;28.1797
235.355;0.440039;28.2422
236.722;0.444258;28.3045
238.093;0.448477;28.3667
239.466;0.452852;28.428
240.842;0.457188;28.4619
242.221;0.461523;28.5225
243.603;0.465859;28.6102
244.988;0.470312;28.6711
246.376;0.474766;28.7052
247.767;0.479219;28.7664
249.161;0.483672;28.8546
250.558;0.488125;28.9159
251.958;0.492695;28.9772
253.361;0.497266;29.0114
254.766;0.501836;29.0999
256.175;0.506406;29.1338
257.587;0.511016;29.1947
259.001;0.515703;29.2558
260.419;0.520391;29.3445
261.84;0.525078;29.3787
263.263;0.529844;29.4403
264.69;0.534648;29.5015
266.119;0.539453;29.5895
267.552;0.544297;29.6498
268.987;0.549219;29.6831
270.425;0.554141;29.7434
271.866;0.559062;29.8035
273.311;0.563984;29.8905
274.758;0.568984;29.9499
276.207;0.574023;30.0067
277.66;0.579062;30.059
279.115;0.584102;30.1055
280.572;0.589141;30.1394
282.031;0.594297;30.1826
283.491;0.599453;30.1975
284.953;0.604609;30.2445
286.417;0.609766;30.2559
287.882;0.614922;30.2984
289.348;0.620078;30.3249
290.815;0.625234;30.336
292.284;0.630469;30.3815
293.754;0.635742;30.4122
295.226;0.641016;30.4449
296.699;0.646289;30.4804
298.175;0.651563;30.4986
299.652;0.656836;30.5386
301.131;0.662227;30.581
302.612;0.667617;30.6478
304.095;0.673008;30.6718
305.581;0.678398;30.7433
307.069;0.683945;30.7693
308.56;0.689453;30.8445
310.053;0.694961;30.872
311.548;0.700469;30.9249
313.046;0.706094;31.004
314.047;0.709844;31.015
315.048;0.713594;31.0516
316.051;0.717344;31.1143
317.054;0.721094;31.1516
318.059;0.724805;31.1631
319.066;0.728555;31.2007
320.073;0.732305;31.2649
321.082;0.736055;31.3031
322.091;0.739805;31.3148
323.103;0.743555;31.3532
324.115;0.747305;31.3917
325.128;0.751133;31.4338
326.142;0.754961;31.4283
327.155;0.758789;31.4146
328.168;0.762656;31.3994
329.181;0.766484;31.3821
330.193;0.770312;31.4096
331.206;0.774219;31.4447
332.221;0.778125;31.4807
333.236;0.782031;31.5168
334.253;0.785977;31.5276
335.271;0.789961;31.5893
336.29;0.793945;31.6001
337.31;0.79793;31.6364
338.332;0.801914;31.6984
339.355;0.805977;31.7348
340.378;0.810039;31.7455
341.403;0.814102;31.7819
342.429;0.818164;31.8184
343.457;0.822227;31.8548
344.485;0.826367;31.9171
345.515;0.830508;31.9535
346.546;0.834648;31.9642
347.578;0.838789;32.0265
348.611;0.84293;32.0371
349.645;0.84707;32.0736
350.681;0.851211;32.1359
351.718;0.85543;32.1723
352.755;0.859648;32.1829
353.794;0.863867;32.2452
354.835;0.868086;32.2816
355.876;0.872305;32.2921
356.919;0.876523;32.3285
357.962;0.88082;32.3831
359.007;0.885117;32.4271
360.053;0.889414;32.4375
361.101;0.893711;32.4739
362.149;0.898008;32.536
363.199;0.902305;32.5464
364.25;0.906758;32.6084
365.301;0.911563;32.6187
366.355;0.916875;32.6807
367.409;0.922656;32.7167
368.464;0.929141;32.7526
369.521;0.936367;32.7885
370.579;0.944453;32.7985
371.637;0.953555;32.8601
372.697;0.963789;32.8699
373.759;0.975312;32.9311
374.821;0.988398;32.9406
375.884;1.0032;33.0012
376.949;1.01988;33.0362
378.014;1.03848;33.0628
379.081;1.05902;33.0802
380.149;1.08172;33.1318
381.217;1.10687;33.149
382.287;1.13461;33.183
383.358;1.16496;33.217
384.43;1.19809;33.2508
385.503;1.23406;33.3094
386.577;1.27324;33.3173
387.652;1.3157;33.3751
388.727;1.36184;33.4072
389.804;1.4118;33.439
390.881;1.4657;33.4454
391.96;1.52391;33.4759
393.039;1.58687;33.5054
394.118;1.65488;33.5337
395.198;1.7282;33.5618
396.279;1.80695;33.5892
397.36;1.89129;33.6399
398.442;1.98152;33.6422
399.523;2.07781;33.6924
400.606;2.18031;33.7181
401.688;2.28895;33.744
402.77;2.40406;33.7457
403.853;2.52566;33.7717
404.936;2.65391;33.8209
406.019;2.78902;33.8459
407.102;2.93125;33.8708
408.184;3.08035;33.8717
409.266;3.2366;33.8963
410.349;3.40035;33.92
411.43;3.57152;33.966
412.511;3.75023;33.9903
413.592;3.93633;34.0142
414.673;4.12973;34.0386
415.753;4.33066;34.0633
416.832;4.5391;34.0635
417.91;4.75512;34.1119
418.988;4.97902;34.1122
420.065;5.21082;34.1355
421.141;5.45047;34.1826
422.216;5.69809;34.2065
423.29;5.95359;34.2299
424.362;6.21695;34.2412
425.434;6.48836;34.2535
426.504;6.76789;34.2766
427.573;7.05535;34.3002
428.64;7.3507;34.3253
429.707;7.65363;34.3769
430.772;7.96387;34.3801
431.836;8.28164;34.4092
432.899;8.60664;34.4634
433.96;8.93914;34.493
435.02;9.27914;34.4966
436.078;9.62656;34.5484
437.135;9.98195;34.552
438.19;10.3447;34.5996
439.243;10.7154;34.6
440.294;11.0945;34.6408
441.342;11.4823;34.6362
442.388;11.8794;34.6659
443.43;12.2861;34.653
444.468;12.7013;34.6537
445.503;13.1275;34.6643
446.534;13.5635;34.6371
447.56;14.0108;34.6198
448.58;14.4689;34.6072
449.594;14.9386;34.5651
450.602;15.4198;34.5272
451.604;15.9129;34.482
452.598;16.4169;34.4357
453.584;16.9347;34.3686
454.563;17.4649;34.2987
455.531;18.0078;34.2205
456.49;18.5634;34.1396
457.438;19.1313;34.0529
458.377;19.7114;33.9618
459.305;20.3039;33.8653
460.222;20.9092;33.7613
461.128;21.5282;33.6518
462.022;22.1593;33.5432
462.902;22.8028;33.4367
463.77;23.4582;33.3406
464.626;24.1253;33.2353
465.469;24.804;33.137
466.299;25.4942;33.049
467.116;26.1959;32.955
467.919;26.9106;32.8569
468.708;27.6371;32.7484
469.481;28.3746;32.6669
470.24;29.1229;32.5824
470.984;29.8816;32.5031
471.714;30.6504;32.4156
472.43;31.4291;32.3452
473.132;32.2176;32.2926
473.819;33.0159;32.2121
474.492;33.823;32.147
475.149;34.641;32.0744
475.791;35.4682;32.0163
476.415;36.3039;31.9534
477.024;37.1481;31.8798
477.617;38.0004;31.8225
478.195;38.8606;31.7843
478.758;39.7284;31.7188
479.306;40.6037;31.6895
479.839;41.4862;31.6456
480.356;42.3758;31.5869
480.859;43.2721;31.5471
481.363;44.2121;31.5029
481.832;45.124;31.4756
482.285;46.041;31.4369
482.72;46.9635;31.4017
483.141;47.8915;31.3696
483.547;48.8247;31.3419
483.938;49.763;31.2963
484.316;50.7062;31.2966
484.678;51.6543;31.2561
485.025;52.609;31.258
485.357;53.5683;31.2364
485.673;54.5303;31.1995
485.974;55.4953;31.2118
486.261;56.4637;31.204
486.534;57.4359;31.1755
486.797;58.4208;31.1955
487.044;59.4004;31.1715
487.278;60.384;31.1704
487.497;61.3703;31.1695
487.703;62.3578;31.1722
487.896;63.347;31.1753
488.076;64.3386;31.1789
488.244;65.3327;31.2043
488.399;66.329;31.2045
488.542;67.3273;31.18
488.671;68.3276;31.1963
488.787;69.3293;31.1929
488.89;70.3315;31.1888
488.981;71.3346;31.1607
489.058;72.3388;31.1526
489.123;73.3439;31.1316
489.175;74.3493;31.1218
489.213;75.3548;31.1161
489.237;76.36;31.0723
489.248;77.3644;31.0415
489.244;78.3679;31.0071
489.228;79.3705;30.9819
489.197;80.3715;30.9423
489.152;81.371;30.8886
489.058;82.8667;30.8304
488.934;84.3583;30.8045
488.781;85.8458;30.755
488.6;87.3291;30.7421
488.392;88.808;30.744
488.159;90.2831;30.7657
487.904;91.7555;30.8073
487.633;93.2264;30.8668
487.353;94.6977;30.9334
487.072;96.1709;31.0135
486.888;97.1548;31.0416
486.71;98.1403;31.0569
486.541;99.1276;31.0574
486.381;100.117;31.0435
486.233;101.107;30.9984
486.097;102.099;30.9708
485.975;103.091;30.8986
485.818;104.581;30.7919
485.694;106.071;30.6837
485.606;107.56;30.5458
485.553;109.046;30.3818
485.537;110.529;30.238
485.557;112.007;30.1183
485.616;113.479;29.9892
485.711;114.944;29.8717
485.844;116.401;29.7514
486.015;117.849;29.6862
486.222;119.288;29.599
486.465;120.717;29.5546
486.743;122.137;29.5531
487.056;123.546;29.5231
487.401;124.946;29.5629
487.778;126.336;29.5652
488.184;127.718;29.6394
488.617;129.092;29.6986
489.074;130.459;29.7356
489.554;131.822;29.8442
490.053;133.182;29.922
490.566;134.538;29.9687
491.091;135.894;30.0478
491.623;137.25;30.1567
492.159;138.609;30.2303
492.696;139.97;30.2708
493.233;141.337;30.3596
493.768;142.71;30.4011
494.298;144.085;30.4908
494.824;145.464;30.522
495.345;146.848;30.5814
495.864;148.236;30.6698
496.381;149.628;30.7302
496.897;151.026;30.789
497.414;152.426;30.845
497.934;153.825;30.8712
498.46;155.225;30.9485
498.994;156.624;30.9681
499.538;158.022;31.0102
499.907;158.952;31.0366
500.284;159.882;31.0798
500.668;160.81;31.0715
501.06;161.734;31.0836
501.459;162.655;31.1204
501.867;163.572;31.1064
502.282;164.487;31.1435
502.705;165.399;31.1295
503.135;166.307;31.1434
503.573;167.213;31.1597
504.019;168.115;31.2052
504.473;169.016;31.1974
504.936;169.913;31.244
505.405;170.807;31.2388
505.881;171.696;31.2629
506.363;172.583;31.2881
506.852;173.467;31.3144
507.346;174.349;31.3417
507.846;175.229;31.3974
508.351;176.107;31.4261
508.861;176.983;31.4276
509.375;177.858;31.4571
509.895;178.732;31.5109
510.419;179.604;31.538
510.946;180.473;31.5648
511.478;181.34;31.5904
512.014;182.206;31.5891
512.555;183.07;31.6392
513.101;183.932;31.662
513.652;184.791;31.6836
514.208;185.648;31.7045
514.77;186.502;31.6982
515.338;187.354;31.7416
515.911;188.202;31.7595
516.491;189.046;31.7509
517.076;189.887;31.7685
517.666;190.725;31.8134
518.263;191.56;31.8057
518.865;192.391;31.8518
519.472;193.219;31.872
520.086;194.044;31.8663
520.705;194.866;31.9151
521.329;195.684;31.9109
521.958;196.5;31.9608
522.592;197.312;31.9843
523.23;198.122;32.0085
523.874;198.929;32.033
524.521;199.734;32.031
525.173;200.536;32.082
525.829;201.335;32.0797
526.49;202.132;32.1026
527.155;202.925;32.1497
527.825;203.716;32.1451
528.5;204.503;32.1911
529.18;205.287;32.1859
529.864;206.068;32.2313
530.554;206.845;32.2493
531.248;207.618;32.2663
531.949;208.387;32.2574
532.655;209.151;32.2727
533.367;209.911;32.287
534.084;210.666;32.3263
534.808;211.416;32.3395
535.537;212.161;32.327
536.273;212.901;32.3405
537.015;213.635;32.3821
537.762;214.365;32.3982
538.515;215.09;32.4166
539.273;215.809;32.4366
540.037;216.524;32.4309
540.806;217.234;32.4797
541.581;217.939;32.4774
542.36;218.641;32.5028
543.144;219.338;32.5281
543.933;220.03;32.5557
544.726;220.719;32.5839
545.523;221.405;32.6122
546.325;222.087;32.6422
547.13;222.766;32.673
547.938;223.443;32.7033
548.75;224.117;32.7623
549.565;224.789;32.7672
550.384;225.458;32.7991
551.205;226.126;32.8315
552.03;226.79;32.8896
552.858;227.453;32.8945
553.689;228.113;32.9523
554.523;228.77;32.9837
555.361;229.426;32.9885
556.202;230.078;33.042
557.047;230.726;33.0452
557.896;231.37;33.0959
558.75;232.011;33.1208
559.607;232.646;33.1444
560.47;233.276;33.1654
561.338;233.901;33.1839
562.211;234.52;33.1779
563.089;235.133;33.1955
563.972;235.739;33.2106
564.861;236.339;33.2522
565.754;236.932;33.269
566.654;237.518;33.2597
567.558;238.097;33.2762
568.468;238.668;33.2939
569.384;239.232;33.3331
570.305;239.788;33.3266
571.231;240.336;33.3453
572.163;240.876;33.3835
573.1;241.408;33.3761
574.041;241.931;33.3951
574.989;242.447;33.4352
575.941;242.954;33.4289
576.899;243.452;33.4459
577.862;243.941;33.4808
578.83;244.421;33.4713
579.803;244.891;33.5022
580.782;245.35;33.4868
581.766;245.8;33.4902
582.754;246.238;33.491
583.749;246.665;33.5054
584.747;247.08;33.4997
585.751;247.483;33.4934
586.76;247.874;33.4628
587.774;248.253;33.4515
588.792;248.619;33.4402
589.814;248.973;33.4493
590.841;249.313;33.4152
591.872;249.64;33.426
592.907;249.954;33.4154
593.945;250.254;33.3818
594.988;250.541;33.3984
596.034;250.814;33.3956
597.083;251.074;33.3705
598.135;251.321;33.3769
599.191;251.555;33.3903
600.25;251.777;33.4328
601.311;251.986;33.4573
602.375;252.184;33.4879
603.442;252.37;33.4957
604.512;252.546;33.5661
605.584;252.712;33.5853
606.659;252.869;33.6373
607.736;253.019;33.722
608.815;253.16;33.7803
609.897;253.296;33.8101
610.981;253.427;33.8684
612.067;253.553;33.9262
613.155;253.675;34.0112
614.245;253.795;34.066
615.337;253.912;34.0918
616.431;254.028;34.1734
617.526;254.142;34.226
618.624;254.255;34.2506
619.723;254.366;34.303
620.824;254.475;34.3545
621.927;254.584;34.4065
623.032;254.69;34.4853
624.139;254.795;34.5343
625.247;254.898;34.5591
626.357;254.998;34.6092
627.469;255.096;34.6856
628.583;255.192;34.7085
629.699;255.285;34.7583
630.816;255.376;34.8345
631.935;255.466;34.8579
633.056;255.553;34.9085
634.179;255.639;34.9589
635.304;255.724;35.0093
636.43;255.807;35.086
637.557;255.89;35.1103
638.687;255.973;35.1865
639.818;256.055;35.2365
640.951;256.137;35.2606
642.085;256.219;35.3359
643.221;256.302;35.3597
644.358;256.385;35.4092
645.496;256.469;35.4843
646.637;256.553;35.5081
647.779;256.639;35.5574
648.922;256.725;35.6321
650.067;256.811;35.656
651.214;256.898;35.7053
652.362;256.986;35.7794
653.512;257.075;35.8028
654.662;257.166;35.8761
655.815;257.258;35.8997
656.968;257.351;35.9726
658.124;257.447;36.0201
659.28;257.545;36.043
660.438;257.646;36.0897
661.601;257.75;36.1601
662.762;257.857;36.2057
663.923;257.967;36.2267
665.085;258.081;36.2719
666.249;258.198;36.3414
667.413;258.32;36.3843
668.579;258.446;36.431
669.746;258.576;36.4759
670.914;258.711;36.4969
672.083;258.849;36.5423
673.253;258.991;36.6124
674.423;259.137;36.6348
675.594;259.287;36.7066
676.767;259.441;36.7298
677.941;259.598;36.8012
679.116;259.76;36.8244
680.291;259.925;36.8963
681.468;260.093;36.9426
682.646;260.265;36.9665
683.825;260.44;37.0131
685.004;260.619;37.0835
686.184;260.802;37.1054
687.366;260.99;37.1729
688.548;261.183;37.2175
689.73;261.38;37.2612
690.914;261.582;37.3036
692.097;261.789;37.3226
693.282;262.002;37.3865
694.466;262.22;37.4039
695.65;262.445;37.4431
696.835;262.677;37.4808
698.019;262.916;37.5402
699.204;263.162;37.5536
700.388;263.415;37.6105
701.571;263.676;37.6239
702.754;263.944;37.6584
703.936;264.219;37.6913
705.118;264.503;37.748
706.299;264.795;37.7815
707.479;265.096;37.7926
708.658;265.406;37.8485
709.836;265.723;37.88
711.012;266.048;37.9151
712.187;266.382;37.9256
713.362;266.724;37.9552
714.534;267.076;37.9824
715.704;267.439;38.0062
716.871;267.813;38.026
718.035;268.197;38.06
719.197;268.59;38.0731
720.354;268.992;38.0877
721.511;269.406;38.0977
722.665;269.831;38.0987
723.813;270.268;38.0788
724.957;270.719;38.0947
726.096;271.182;38.0884
727.229;271.658;38.078
728.357;272.143;38.0525
729.48;272.639;38.0692
730.6;273.15;38.0361
731.715;273.674;38.0093
732.82;274.213;37.9862
733.918;274.766;37.9838
735.008;275.333;37.961
736.09;275.911;37.9225
737.165;276.499;37.9101
738.234;277.099;37.9252
739.298;277.713;37.8877
740.356;278.343;37.8791
741.401;278.988;37.8606
742.435;279.646;37.8267
743.46;280.317;37.8339
744.477;280.998;37.809
745.484;281.688;37.8315
746.486;282.39;37.8124
747.481;283.11;37.8044
748.465;283.845;37.7516
749.433;284.593;37.7398
750.388;285.354;37.7113
751.333;286.126;37.6797
752.267;286.908;37.6373
753.191;287.698;37.6305
754.107;288.5;37.593
755.014;289.322;37.5124
755.905;290.156;37.4281
756.775;291.003;37.3391
757.629;291.861;37.2508
758.47;292.729;37.1502
759.296;293.605;37.0417
760.109;294.489;36.9411
760.908;295.382;36.796
761.691;296.293;36.6373
762.456;297.214;36.4221
763.194;298.144;36.2019
763.911;299.081;36.026
764.611;300.026;35.8007
765.292;300.977;35.591
765.957;301.935;35.3992
766.603;302.896;35.1538
767.228;303.87;34.8909
767.831;304.852;34.6305
768.41;305.837;34.3489
768.964;306.826;34.1088
769.498;307.819;33.7611
770.011;308.816;33.6415
770.503;309.816;33.3932
770.973;310.82;33.1633
771.423;311.827;32.9443
771.852;312.837;32.7197
772.254;313.854;32.4585
772.636;314.874;32.2049
772.99;315.891;31.9938
773.32;316.907;31.8065
773.63;317.923;31.6296
773.919;318.939;31.453
774.187;319.955;31.2795
774.434;320.97;31.1123
774.661;321.983;30.9583
774.866;322.997;30.8021
775.045;324.01;30.6248
775.203;325.022;30.4549
775.336;326.028;30.3239
775.447;327.029;30.2046
775.538;328.028;30.1053
775.638;329.52;29.9656
775.695;331.004;29.8406
775.708;332.482;29.716
775.678;333.95;29.5845
775.602;335.411;29.5226
775.483;336.861;29.4522
775.321;338.299;29.4012
775.119;339.727;29.3653
774.88;341.144;29.3622
774.603;342.551;29.3497
774.289;343.948;29.3277
773.942;345.334;29.3554
773.56;346.71;29.3263
773.148;348.073;29.2884
772.706;349.422;29.2409
772.237;350.76;29.238
771.74;352.089;29.291
771.215;353.409;29.3258
770.664;354.719;29.3383
770.087;356.02;29.4028
769.486;357.312;29.4441
768.861;358.593;29.4888
768.212;359.866;29.5078
767.541;361.13;29.5521
766.848;362.383;29.6228
766.135;363.627;29.6409
765.399;364.86;29.6823
764.639;366.083;29.7399
763.856;367.292;29.7412
763.049;368.485;29.7595
762.217;369.663;29.7888
761.364;370.825;29.7866
760.487;371.968;29.7572
759.581;373.093;29.728
758.648;374.193;29.6648
757.689;375.265;29.5799
756.704;376.309;29.4913
755.696;377.325;29.3933
754.664;378.311;29.27
753.608;379.266;29.1253
752.526;380.186;28.9638
751.424;381.07;28.8015
750.301;381.915;28.5961
749.159;382.724;28.4911
747.999;383.496;28.3371
746.822;384.23;28.1826
745.53;384.975;27.9326
744.576;385.486;27.864
743.597;385.978;27.748
742.607;386.445;27.6368
741.594;386.892;27.5304
740.555;387.322;27.4105
739.496;387.729;27.2688
738.423;388.111;27.2474
737.336;388.466;27.1486
736.229;388.791;27.0723
735.115;389.087;27.0077
733.995;389.351;27.0008
732.855;389.589;26.9654
731.73;389.8;26.9728
730.598;389.988;27.0056
729.456;390.154;27.1045
728.315;390.299;27.1838
727.16;390.428;27.2333
726.008;390.543;27.3365
724.86;390.649;27.4734
723.72;390.753;27.5179
722.577;390.86;27.5894
721.437;390.973;27.6479
720.306;391.095;27.6962
719.187;391.227;27.775
718.085;391.369;27.7806
716.987;391.521;27.8602
715.885;391.686;27.8701
714.779;391.861;27.9126
713.677;392.045;28.0007
712.583;392.237;28.0231
711.481;392.437;28.1164
710.386;392.645;28.1743
709.29;392.86;28.199
708.198;393.082;28.2565
707.12;393.306;28.3133
706.04;393.537;28.3681
704.964;393.772;28.4509
703.886;394.012;28.5035
702.803;394.259;28.5231
701.725;394.512;28.6057
700.662;394.767;28.6544
699.62;395.025;28.6941
698.585;395.288;28.7176
697.543;395.56;28.7895
696.506;395.837;28.8332
695.471;396.122;28.8733
694.453;396.411;28.8827
693.454;396.704;28.9164
692.468;397.005;28.9722
691.503;397.311;28.9988
690.551;397.622;29.0212
689.146;398.105;29.0253
687.759;398.605;29.0625
686.397;399.122;29.0754
685.055;399.663;29.0538
683.756;400.221;29.0421
682.475;400.806;29.0291
681.208;401.419;29.0329
679.954;402.057;29.018
678.714;402.718;28.9975
677.485;403.405;29.0017
676.266;404.125;29.0262
675.066;404.87;29.0266
673.885;405.639;29.0807
672.716;406.428;29.1228
671.558;407.234;29.1789
670.411;408.058;29.2132
669.268;408.903;29.2992
668.131;409.768;29.3499
667.011;410.644;29.3741
665.902;411.536;29.4167
664.805;412.444;29.4487
663.72;413.368;29.4913
662.651;414.313;29.4923
661.598;415.284;29.4744
660.57;416.278;29.4201
659.57;417.292;29.3649
658.596;418.327;29.302
657.649;419.385;29.2057
656.732;420.464;29.0798
655.847;421.565;28.9737
654.996;422.688;28.8378
654.18;423.834;28.6723
653.404;424.998;28.4937
652.664;426.18;28.4316
651.962;427.378;28.3149
651.296;428.59;28.2074
650.667;429.818;28.0895
650.077;431.058;28.0014
649.524;432.311;27.9066
649.01;433.576;27.8638
648.534;434.851;27.8298
648.095;436.136;27.788
647.694;437.43;27.7486
647.331;438.731;27.724
647.004;440.041;27.6854
646.712;441.356;27.6705
646.457;442.678;27.6919
646.235;444.005;27.6998
646.047;445.337;27.6874
645.89;446.673;27.7133
645.764;448.014;27.7535
645.666;449.359;27.8287
645.596;450.707;27.8591
645.55;452.058;27.9619
645.525;453.414;28.0368
645.521;454.773;28.1215
645.533;456.135;28.1747
645.56;457.501;28.2919
645.599;458.87;28.378
645.648;460.243;28.4642
645.705;461.62;28.5176
645.769;463.001;28.6304
645.84;464.384;28.6824
645.917;465.772;28.7638
646.001;467.163;28.8439
646.089;468.558;28.9236
646.184;469.956;29.0312
646.284;471.357;29.0811
646.389;472.763;29.1863
646.499;474.171;29.2356
646.613;475.582;29.3131
646.731;476.997;29.4177
646.852;478.416;29.4944
646.977;479.838;29.5706
647.104;481.263;29.6198
647.234;482.692;29.7222
647.365;484.124;29.7702
647.499;485.559;29.8459
647.633;486.999;29.9213
647.768;488.442;30.023
647.903;489.889;30.0716
648.039;491.339;30.1463
648.174;492.793;30.246
648.309;494.25;30.3194
648.442;495.71;30.3932
648.573;497.175;30.4668
648.7;498.644;30.5401
648.824;500.117;30.5863
648.942;501.593;30.6812
649.054;503.075;30.7447
649.156;504.559;30.8042
649.246;506.045;30.8374
649.321;507.536;30.8868
649.379;509.031;30.9284
649.416;510.528;30.9615
649.431;512.027;30.9832
649.428;513.029;30.9939
649.415;514.031;31.0224
649.392;515.032;31.0303
649.358;516.032;31.0146
649.311;517.033;31.0378
649.252;518.033;31.0161
649.18;519.034;31.0347
649.094;520.033;31.03
648.996;521.031;31.0232
648.884;522.027;30.9931
648.758;523.023;30.9846
648.619;524.018;30.9951
648.468;525.009;30.9673
648.303;525.997;30.964
648.124;526.983;30.9766
647.931;527.966;30.9458
647.724;528.946;30.9343
647.502;529.923;30.9397
647.266;530.896;30.9039
647.016;531.864;30.8754
646.752;532.829;30.8801
646.471;533.79;30.8529
646.025;535.221;30.81
645.545;536.638;30.7474
645.033;538.041;30.7011
644.488;539.43;30.6757
643.911;540.805;30.6072
643.304;542.164;30.5809
642.66;543.508;30.5068
641.986;544.832;30.4716
641.279;546.134;30.4046
640.542;547.417;30.3577
639.775;548.679;30.3303
638.98;549.921;30.2647
638.156;551.143;30.2342
637.3;552.342;30.1517
636.416;553.513;30.084
635.505;554.657;30.03
634.567;555.775;29.9436
633.604;556.866;29.873
632.616;557.93;29.7818
631.604;558.965;29.6743
630.562;559.969;29.549
629.499;560.938;29.4223
628.413;561.87;29.3034
627.307;562.77;29.1732
626.18;563.638;29.075
625.035;564.472;28.9505
623.865;565.271;28.862
622.677;566.033;28.7496
621.475;566.757;28.7207
620.258;567.45;28.6948
619.027;568.114;28.6904
617.782;568.749;28.7057
616.523;569.357;28.7129
615.25;569.94;28.7649
613.967;570.502;28.8286
612.678;571.045;28.9018
611.382;571.579;29.0037
610.081;572.107;29.0396
608.776;572.634;29.1287
607.468;573.164;29.1519
606.157;573.697;29.2007
604.848;574.232;29.2793
603.538;574.768;29.3289
602.225;575.304;29.3506
600.908;575.838;29.399
599.587;576.368;29.4448
598.259;576.892;29.512
596.926;577.406;29.5465
595.589;577.909;29.5514
594.246;578.4;29.6107
592.898;578.881;29.6152
591.543;579.35;29.6478
590.18;579.808;29.6813
588.812;580.253;29.7144
587.441;580.686;29.7773
586.065;581.109;29.785
584.683;581.52;29.8486
583.297;581.922;29.8584
581.906;582.314;29.9218
580.509;582.697;29.957
579.108;583.07;29.9922
577.705;583.433;30.0004
576.297;583.787;30.0366
574.886;584.132;30.0997
573.47;584.469;30.1361
572.049;584.797;30.1724
570.625;585.117;30.1798
569.198;585.428;30.2285
567.768;585.731;30.2516
566.335;586.026;30.2882
564.898;586.315;30.325
563.457;586.596;30.3892
562.013;586.871;30.3978
560.566;587.138;30.4607
559.118;587.398;30.4965
557.666;587.651;30.5306
556.211;587.897;30.5372
554.752;588.133;30.5968
553.29;588.362;30.602
551.826;588.581;30.6606
550.359;588.79;30.665
548.889;588.991;30.6968
547.416;589.182;30.7539
545.94;589.362;30.7854
544.461;589.532;30.788
542.98;589.692;30.8468
541.497;589.842;30.8775
540.011;589.982;30.9076
538.523;590.112;30.9384
537.032;590.232;30.969
535.538;590.341;30.9988
534.043;590.44;31.0026
532.547;590.529;31.0339
531.547;590.584;31.082
530.547;590.634;31.0768
529.546;590.681;31.1261
528.544;590.724;31.1219
527.541;590.764;31.1453
526.537;590.8;31.1961
525.532;590.835;31.2204
524.527;590.867;31.2453
523.521;590.898;31.243
522.515;590.927;31.2676
521.507;590.956;31.2923
520.498;590.983;31.3291
519.489;591.01;31.3682
518.479;591.036;31.3923
517.468;591.062;31.3894
516.455;591.088;31.4395
515.443;591.113;31.4362
514.43;591.137;31.4871
513.416;591.161;31.4838
512.401;591.184;31.5338
511.386;591.205;31.5569
510.37;591.226;31.553
509.352;591.245;31.5756
508.334;591.261;31.6246
507.315;591.276;31.6462
506.296;591.289;31.6676
505.277;591.299;31.689
504.256;591.306;31.7095
503.234;591.31;31.7297
502.212;591.311;31.7496
501.189;591.309;31.7688
500.166;591.302;31.7617
499.142;591.291;31.7793
498.118;591.275;31.8225
497.092;591.255;31.8381
496.067;591.229;31.8541
495.042;591.199;31.8687
494.016;591.163;31.8826
492.99;591.121;31.8711
491.963;591.073;31.8849
490.936;591.018;31.9231
489.91;590.958;31.9365
488.883;590.892;31.9249
487.856;590.818;31.9641
486.829;590.74;31.9534
485.802;590.655;31.996
484.775;590.564;32.0134
483.748;590.469;32.0055
482.721;590.368;32.0253
481.693;590.262;32.0462
480.666;590.152;32.0951
479.638;590.039;32.0911
478.61;589.921;32.1417
477.581;589.801;32.1647
476.552;589.678;32.1616
475.523;589.553;32.2126
474.493;589.426;32.2095
473.463;589.298;32.2599
472.432;589.168;32.2566
471.4;589.038;32.3068
470.368;588.906;32.3032
469.335;588.774;32.3264
468.301;588.642;32.3758
467.266;588.509;32.372
466.232;588.375;32.3955
465.196;588.242;32.4186
464.16;588.108;32.4415
463.122;587.974;32.4644
462.084;587.839;32.5138
461.046;587.705;32.5366
460.006;587.57;32.5593
458.966;587.435;32.5814
457.925;587.299;32.6041
456.884;587.164;32.6271
455.842;587.028;32.6499
454.8;586.891;32.6723
453.756;586.753;32.6943
452.712;586.614;32.716
451.668;586.473;32.7374
450.623;586.331;32.7329
449.578;586.186;32.7539
448.532;586.038;32.7991
447.486;585.887;32.8172
446.441;585.732;32.8095
445.395;585.573;32.8486
444.35;585.408;32.8384
443.306;585.238;32.8503
442.261;585.061;32.8826
441.218;584.878;32.8666
440.176;584.687;32.8709
439.135;584.489;32.8935
438.095;584.281;32.8919
437.057;584.065;32.8888
436.022;583.84;32.8621
434.988;583.606;32.881
433.956;583.363;32.8536
432.926;583.11;32.845
431.899;582.848;32.8652
430.875;582.575;32.8367
429.853;582.292;32.854
428.835;582;32.8253
427.819;581.696;32.8422
426.808;581.383;32.8108
425.799;581.059;32.8309
424.794;580.725;32.8235
423.793;580.381;32.8154
422.795;580.026;32.7863
421.802;579.661;32.8032
420.812;579.285;32.7971
419.827;578.899;32.7652
418.846;578.503;32.7626
417.87;578.097;32.7767
416.898;577.68;32.7667
415.931;577.252;32.7338
414.969;576.811;32.7046
414.012;576.358;32.6933
413.065;575.894;32.67
412.123;575.419;32.6639
411.188;574.933;32.6345
410.259;574.436;32.5819
409.338;573.927;32.5443
408.424;573.407;32.5238
407.517;572.874;32.4791
406.618;572.327;32.4085
405.729;571.766;32.3475
404.835;571.182;32.2861
403.898;570.549;32.2246
402.965;569.897;32.1738
402.038;569.23;32.1008
401.113;568.541;32.025
400.208;567.843;31.9319
399.312;567.123;31.8545
398.422;566.38;31.7576
397.543;565.616;31.6758
396.673;564.832;31.5989
395.819;564.037;31.5075
394.975;563.225;31.4535
394.132;562.387;31.3824
393.301;561.53;31.3149
392.486;560.652;31.219
391.67;559.736;31.1632
390.877;558.807;31.1046
390.096;557.857;31.054
389.324;556.885;30.9603
388.575;555.911;30.9198
387.84;554.919;30.8827
387.117;553.9;30.8657
386.413;552.866;30.8539
385.738;551.833;30.7974
385.098;550.812;30.7972
384.472;549.781;30.7734
383.865;548.744;30.7224
383.273;547.701;30.6823
382.708;546.662;30.6689
382.16;545.609;30.6588
381.632;544.55;30.6204
381.124;543.485;30.5843
380.633;542.416;30.5459
380.165;541.353;30.4801
379.721;540.301;30.4243
379.305;539.273;30.3735
378.915;538.255;30.2976
378.549;537.246;30.2039
378.206;536.249;30.1271
377.889;535.268;29.992
377.587;534.288;29.9532
377.303;533.312;29.8517
377.038;532.346;29.7381
376.675;530.919;29.5691
376.354;529.507;29.3401
376.073;528.109;29.2428
375.829;526.713;29.1117
375.619;525.318;29.0073
375.44;523.923;28.9382
375.29;522.527;28.8574
375.171;521.131;28.8124
375.083;519.736;28.7832
375.023;518.342;28.7692
374.99;516.951;28.7687
374.98;515.56;28.7941
374.992;514.169;28.7796
375.023;512.779;28.8126
375.072;511.388;28.8233
375.139;509.998;28.8362
375.223;508.609;28.8244
375.323;507.221;28.8627
375.439;505.834;28.8798
375.571;504.446;28.8975
375.717;503.058;28.9174
375.877;501.671;28.941
376.051;500.284;28.938
376.239;498.898;28.9646
376.441;497.513;29.0224
376.655;496.129;29.0245
376.881;494.744;29.054
377.12;493.36;29.1108
377.372;491.977;29.1391
377.637;490.595;29.1677
377.916;489.215;29.1963
378.208;487.835;29.2237
378.513;486.457;29.2244
378.832;485.08;29.2835
379.164;483.705;29.286
379.51;482.332;29.3178
379.869;480.96;29.3511
380.241;479.59;29.4137
380.627;478.222;29.4486
381.025;476.856;29.4819
381.437;475.492;29.4872
381.863;474.131;29.5487
382.303;472.772;29.579
382.758;471.417;29.581
383.228;470.066;29.634
383.715;468.719;29.6599
384.219;467.377;29.6537
384.739;466.04;29.6716
385.275;464.71;29.6435
385.826;463.388;29.5895
386.391;462.074;29.558
386.969;460.767;29.5919
387.561;459.463;29.6326
388.165;458.163;29.6792
388.779;456.866;29.7294
389.401;455.569;29.7516
390.031;454.274;29.8317
390.667;452.979;29.8819
391.308;451.684;29.9326
391.953;450.388;29.9549
392.603;449.093;30.006
393.259;447.796;30.0833
393.92;446.501;30.1056
394.589;445.206;30.1781
395.266;443.913;30.1971
395.954;442.624;30.2649
396.653;441.338;30.3027
397.366;440.058;30.3375
398.093;438.783;30.3673
398.836;437.517;30.3697
399.596;436.258;30.4162
400.373;435.009;30.4382
401.17;433.767;30.4569
401.988;432.536;30.4722
402.824;431.319;30.4639
403.68;430.116;30.5064
404.554;428.924;30.5246
405.447;427.746;30.544
406.359;426.581;30.5646
407.294;425.426;30.5816
408.25;424.286;30.5941
409.22;423.166;30.6118
410.206;422.061;30.6043
411.209;420.969;30.6495
412.228;419.891;30.6699
413.262;418.827;30.6903
414.317;417.774;30.7077
415.388;416.736;30.6951
416.47;415.717;30.7168
417.565;414.711;30.7717
418.671;413.716;30.7748
419.789;412.731;30.8402
420.916;411.754;30.8806
422.055;410.78;30.8939
422.819;410.133;30.9191
423.964;409.171;30.9873
425.113;408.211;31.0255
426.263;407.25;31.0623
427.414;406.289;31.0986
428.182;405.646;31.0946
428.951;405.002;31.1449
429.722;404.355;31.1393
430.493;403.708;31.1877
431.262;403.063;31.1811
432.032;402.418;31.2295
432.803;401.773;31.2223
433.574;401.129;31.2523
434.348;400.485;31.2892
435.122;399.841;31.281
435.898;399.199;31.2999
436.677;398.557;31.3183
437.459;397.916;31.3619
438.242;397.277;31.3779
439.027;396.641;31.3658
439.813;396.007;31.3813
440.6;395.374;31.3963
441.39;394.744;31.4384
442.182;394.115;31.4532
442.975;393.488;31.4682
443.771;392.862;31.4836
444.568;392.238;31.4722
445.368;391.615;31.5151
446.169;390.991;31.5303
446.972;390.369;31.5448
447.774;389.748;31.5596
448.577;389.128;31.547
449.38;388.507;31.5882
450.182;387.886;31.5752
450.985;387.264;31.6158
451.788;386.64;31.6024
452.59;386.016;31.6424
453.392;385.391;31.6555
454.193;384.763;31.6416
454.995;384.133;31.679
455.795;383.501;31.6896
456.593;382.868;31.6735
457.389;382.234;31.6839
458.185;381.598;31.694
458.979;380.959;31.704
459.772;380.319;31.714
460.563;379.677;31.7241
461.354;379.033;31.76
462.144;378.387;31.7494
462.934;377.739;31.781
463.724;377.089;31.79
464.511;376.439;31.7726
465.298;375.789;31.8093
466.084;375.137;31.7917
466.869;374.485;31.8274
467.654;373.831;31.8362
468.437;373.176;31.8179
469.219;372.518;31.8247
469.999;371.857;31.8291
470.777;371.191;31.8283
471.552;370.52;31.8216
472.319;369.845;31.8085
473.08;369.164;31.7885
473.833;368.477;31.7798
474.579;367.783;31.7273
475.317;367.081;31.6846
476.044;366.371;31.6491
476.763;365.654;31.5877
477.471;364.928;31.502
478.169;364.19;31.4139
478.854;363.444;31.3136
479.525;362.689;31.2241
480.179;361.926;31.1177
480.82;361.156;30.9921
481.754;359.984;30.8277
482.655;358.796;30.6459
483.52;357.59;30.448
484.348;356.367;30.2437
485.139;355.125;30.0185
485.891;353.871;29.7972
486.599;352.605;29.579
487.268;351.327;29.3788
487.896;350.039;29.1859
488.483;348.742;29.0126
489.03;347.436;28.8336
489.53;346.119;28.6519
489.988;344.796;28.4569
490.404;343.47;28.2973
490.779;342.14;28.1596
491.113;340.808;28.029
491.407;339.473;27.9102
491.662;338.138;27.7758
491.877;336.802;27.7182
492.053;335.464;27.6237
492.189;334.129;27.5495
492.289;332.795;27.5034
492.354;331.462;27.4447
492.386;330.131;27.4122
492.386;328.803;27.423
492.356;327.477;27.4127
492.296;326.153;27.3885
492.206;324.834;27.3462
492.088;323.519;27.334
491.942;322.208;27.2703
491.767;320.905;27.2019
491.562;319.609;27.0989
491.33;318.324;26.9726
491.068;317.05;26.8427
490.777;315.788;26.693
490.457;314.539;26.5458
490.107;313.305;26.3944
489.728;312.085;26.2412
489.32;310.881;26.1078
488.885;309.693;25.9945
488.422;308.519;25.8998
487.933;307.361;25.8355
487.417;306.219;25.7998
486.879;305.088;25.7865
486.318;303.969;25.7736
485.738;302.861;25.7995
485.142;301.762;25.8592
484.533;300.668;25.9027
483.915;299.577;25.9489
483.291;298.487;25.9939
482.664;297.398;26.0379
482.035;296.307;26.0819
481.405;295.214;26.1256
480.775;294.119;26.1476
480.143;293.022;26.224
479.511;291.922;26.2751
478.876;290.822;26.2999
478.237;289.72;26.352
477.595;288.617;26.405
476.948;287.514;26.4861
476.297;286.412;26.5401
475.639;285.31;26.5671
474.976;284.207;26.6495
474.305;283.106;26.704
473.627;282.006;26.7308
472.94;280.909;26.8036
472.24;279.819;26.8442
471.525;278.734;26.8786
470.797;277.658;26.8831
470.048;276.594;26.8912
469.28;275.543;26.9079
468.49;274.51;26.8908
467.678;273.494;26.8543
466.842;272.499;26.7842
465.982;271.527;26.7129
465.099;270.58;26.6371
464.194;269.66;26.5404
463.264;268.768;26.4171
462.313;267.905;26.3153
461.339;267.075;26.1812
460.343;266.276;26.0223
459.329;265.51;25.9659
458.297;264.778;25.8787
457.246;264.077;25.7781
456.177;263.41;25.7267
455.091;262.778;25.674
453.989;262.181;25.6168
452.871;261.617;25.6061
451.741;261.084;25.6393
450.6;260.581;25.6474
449.447;260.105;25.7322
448.28;259.655;25.7855
447.1;259.233;25.8087
445.911;258.839;25.8666
444.711;258.469;25.9208
443.504;258.122;25.9918
442.292;257.795;26.0463
441.071;257.488;26.077
439.841;257.201;26.1555
438.599;256.941;26.2022
437.35;256.706;26.2181
436.096;256.498;26.2585
434.837;256.314;26.2968
433.575;256.15;26.3684
432.308;256.009;26.4231
431.035;255.887;26.4777
429.753;255.794;26.4992
428.465;255.729;26.5679
427.177;255.692;26.6126
425.889;255.681;26.6483
424.601;255.692;26.6846
423.312;255.727;26.7202
422.021;255.784;26.7316
420.727;255.871;26.7718
419.431;255.99;26.7812
418.14;256.14;26.7849
416.855;256.32;26.7776
415.574;256.523;26.7922
414.298;256.749;26.8384
413.024;256.999;26.8471
411.752;257.275;26.8812
410.479;257.582;26.918
409.211;257.916;26.9797
407.953;258.275;27.0049
406.7;258.654;27.085
405.45;259.051;27.1483
404.204;259.464;27.2189
402.958;259.893;27.2635
401.712;260.343;27.3266
400.468;260.814;27.4078
399.232;261.302;27.4375
398.004;261.808;27.4821
396.781;262.333;27.5367
395.566;262.876;27.555
394.358;263.44;27.5861
393.159;264.024;27.5831
391.968;264.639;27.5903
390.791;265.28;27.5677
389.635;265.947;27.5129
388.496;266.64;27.4875
387.375;267.358;27.4403
386.272;268.098;27.3638
385.19;268.861;27.277
384.129;269.65;27.1758
383.091;270.466;27.0331
382.082;271.304;26.9246
381.102;272.166;26.8151
380.144;273.048;26.7743
379.21;273.95;26.7205
378.298;274.872;26.6994
377.408;275.812;26.6927
376.537;276.771;26.6847
375.687;277.751;26.7122
374.857;278.746;26.7219
374.046;279.757;26.7531
373.253;280.783;26.7894
372.475;281.822;26.8489
371.713;282.875;26.8699
370.968;283.942;26.9107
370.238;285.023;26.9532
369.525;286.117;26.9955
368.829;287.223;27.0397
368.15;288.341;27.0185
367.49;289.469;26.9904
366.848;290.605;26.9894
366.22;291.752;27.0406
365.605;292.912;27.171
365.002;294.083;27.2346
364.405;295.265;27.3735
363.815;296.454;27.4753
363.227;297.648;27.5404
362.639;298.846;27.6358
362.047;300.047;27.7272
361.45;301.25;27.8154
360.844;302.455;27.9344
360.23;303.661;28.0194
359.607;304.869;28.0703
358.977;306.076;28.1535
358.34;307.283;28.2367
357.697;308.491;28.3179
357.051;309.701;28.4316
356.401;310.912;28.5158
355.746;312.127;28.5693
355.087;313.347;28.6819
354.425;314.571;28.7617
353.763;315.797;28.8404
353.1;317.026;28.915
352.437;318.257;28.9628
351.773;319.49;29.041
351.106;320.729;29.1206
350.437;321.971;29.1999
349.764;323.219;29.2779
349.088;324.47;29.3528
348.412;325.721;29.4543
347.735;326.974;29.5278
347.057;328.23;29.6039
346.378;329.49;29.6528
345.694;330.754;29.7584
345.007;332.021;29.8068
344.317;333.294;29.8812
343.625;334.568;29.9789
342.934;335.842;30.0512
342.24;337.117;30.0968
341.542;338.397;30.1996
340.838;339.678;30.2744
340.129;340.961;30.3207
339.414;342.247;30.3936
338.693;343.535;30.4597
337.969;344.819;30.5549
337.24;346.103;30.5949
336.5;347.387;30.6813
335.749;348.667;30.6836
334.989;349.941;30.6687
334.217;351.209;30.6415
333.432;352.471;30.6564
332.637;353.725;30.7002
331.827;354.971;30.7454
331.001;356.211;30.816
330.159;357.443;30.8371
329.301;358.667;30.9136
328.43;359.884;30.9641
327.84;360.693;31.0001
327.244;361.499;31.0113
326.644;362.302;31.0743
326.038;363.101;31.0863
325.426;363.897;31.1519
324.809;364.691;31.165
324.187;365.482;31.2315
323.56;366.27;31.2457
322.928;367.057;31.2865
322.293;367.842;31.3243
321.655;368.626;31.366
321.01;369.411;31.4314
320.361;370.194;31.4423
319.708;370.973;31.503
319.051;371.748;31.5121
318.388;372.52;31.5684
317.72;373.288;31.5745
317.045;374.052;31.6019
316.365;374.812;31.6258
315.678;375.567;31.6464
314.985;376.317;31.6899
314.283;377.063;31.6833
313.572;377.804;31.7135
312.853;378.536;31.6948
312.128;379.259;31.698
311.393;379.972;31.6939
310.651;380.678;31.7102
309.9;381.374;31.6991
309.141;382.06;31.6643
308.374;382.737;31.6666
307.598;383.404;31.6287
306.814;384.061;31.6061
306.019;384.706;31.5933
305.216;385.34;31.5571
304.405;385.96;31.5042
303.587;386.567;31.4994
302.761;387.163;31.452
301.927;387.749;31.4437
301.087;388.322;31.3978
300.238;388.884;31.3984
299.383;389.434;31.3522
298.52;389.972;31.3358
297.651;390.496;31.3462
296.774;391.009;31.3323
295.891;391.51;31.3018
295.001;391.997;31.3241
294.104;392.472;31.3001
293.202;392.936;31.3049
292.293;393.387;31.3189
291.379;393.827;31.3386
290.458;394.256;31.3613
289.533;394.674;31.3867
288.602;395.081;31.4192
287.666;395.478;31.4557
286.726;395.865;31.5223
285.78;396.243;31.5352
284.83;396.613;31.6079
283.876;396.975;31.6237
282.918;397.329;31.7001
281.955;397.676;31.7491
280.989;398.018;31.7981
280.02;398.354;31.82
279.048;398.687;31.9028
278.073;399.015;31.9559
277.095;399.341;31.9802
276.114;399.664;32.0341
275.131;399.985;32.0878
274.147;400.306;32.1408
273.16;400.627;32.1934
272.172;400.948;32.2451
271.182;401.271;32.2955
270.191;401.594;32.3731
269.2;401.92;32.3948
268.207;402.247;32.4436
267.213;402.577;32.492
266.218;402.909;32.5668
265.223;403.243;32.6144
264.226;403.58;32.6357
263.229;403.919;32.6837
262.231;404.261;32.7321
261.232;404.604;32.7805
260.232;404.95;32.8561
259.231;405.296;32.8784
258.229;405.644;32.9272
257.225;405.993;33.0026
256.22;406.342;33.0513
255.213;406.691;33.0733
254.205;407.041;33.1477
253.194;407.39;33.1694
252.182;407.738;33.2433
251.168;408.086;33.2906
250.153;408.433;33.3118
249.135;408.778;33.3847
248.115;409.123;33.4052
247.093;409.466;33.4518
246.069;409.807;33.5243
245.043;410.147;33.5706
244.015;410.485;33.6169
242.984;410.822;33.6635
241.952;411.156;33.7098
240.917;411.49;33.7306
239.881;411.822;33.8013
238.842;412.153;33.8502
237.802;412.482;33.8973
236.76;412.811;33.9445
235.715;413.139;33.966
234.67;413.466;34.0133
233.622;413.792;34.0607
232.572;414.119;34.1334
231.521;414.445;34.1551
230.469;414.771;34.2025
229.415;415.098;34.275
228.359;415.425;34.2967
227.302;415.752;34.369
226.244;416.08;34.3906
225.184;416.409;34.4628
224.123;416.738;34.4844
223.06;417.068;34.5566
221.996;417.398;34.578
220.931;417.728;34.6504
219.864;418.059;34.6974
218.795;418.389;34.7189
217.725;418.719;34.7658
216.653;419.049;34.8378
215.579;419.377;34.8841
214.503;419.705;34.9299
213.425;420.031;34.9502
212.345;420.354;35.0197
211.263;420.676;35.0642
210.179;420.995;35.0832
209.092;421.31;35.1512
208.003;421.623;35.1939
206.911;421.932;35.2359
205.817;422.238;35.2775
204.72;422.539;35.3188
203.621;422.836;35.3599
202.519;423.129;35.3762
201.415;423.417;35.4174
200.308;423.701;35.4585
199.198;423.979;35.5234
198.086;424.253;35.5391
196.972;424.522;35.6031
195.854;424.785;35.6424
194.735;425.043;35.6819
193.612;425.295;35.697
192.487;425.542;35.7599
191.36;425.783;35.7978
190.23;426.018;35.8347
189.097;426.247;35.8707
187.962;426.468;35.8823
186.825;426.683;35.9163
185.685;426.891;35.9493
184.542;427.091;36.005
183.397;427.284;36.0364
182.25;427.469;36.0679
181.101;427.647;36.0993
179.949;427.816;36.1066
178.795;427.978;36.1394
177.639;428.132;36.1738
176.481;428.279;36.2368
175.32;428.42;36.251
174.158;428.553;36.3191
172.993;428.681;36.338
171.827;428.803;36.3855
170.658;428.92;36.435
169.488;429.033;36.5122
168.316;429.144;36.564
167.142;429.251;36.6158
165.966;429.358;36.667
164.789;429.464;36.6916
163.61;429.569;36.7408
162.43;429.676;36.8143
161.248;429.783;36.8615
160.065;429.892;36.9081
158.881;430.003;36.9541
157.695;430.116;36.9993
156.508;430.231;37.0434
155.32;430.348;37.0856
154.131;430.466;37.1253
152.94;430.587;37.1424
151.749;430.709;37.1928
150.557;430.833;37.2053
149.364;430.959;37.2281
148.171;431.086;37.2503
146.978;431.213;37.2545
145.784;431.342;37.2508
144.591;431.472;37.239
143.399;431.603;37.2289
142.207;431.734;37.1816
141.017;431.866;37.1216
139.83;431.998;37.036
138.645;432.13;36.9228
137.464;432.263;36.8571
136.288;432.395;36.6672
135.115;432.527;36.554
133.946;432.659;36.4466
132.78;432.79;36.3959
131.617;432.92;36.3028
130.456;433.048;36.2194
129.298;433.175;36.1452
128.142;433.299;36.0425
126.987;433.421;36.0079
125.835;433.54;35.9405
124.684;433.655;35.874
123.535;433.767;35.7787
122.388;433.875;35.7168
121.242;433.979;35.6574
120.098;434.079;35.6011
118.955;434.174;35.5465
117.813;434.265;35.5217
116.673;434.352;35.4753
115.533;434.434;35.4331
114.395;434.511;35.3793
113.257;434.584;35.3615
112.12;434.652;35.3203
110.984;434.716;35.2958
109.848;434.776;35.2827
108.713;434.832;35.2469
107.579;434.883;35.2322
106.445;434.931;35.1851
105.313;434.974;35.1652
104.181;435.013;35.1246
103.051;435.048;35.0603
101.922;435.078;35.0102
100.795;435.105;34.9473
99.6695;435.127;34.9039
98.5478;435.146;34.7126
97.431;435.16;34.6326
96.3192;435.172;34.3941
95.2124;435.18;34.3165
94.1106;435.184;34.1642
93.0135;435.186;33.9404
91.9211;435.185;33.7953
90.8334;435.181;33.6531
89.7503;435.176;33.5847
88.6716;435.168;33.4476
87.5972;435.159;33.2465
86.5271;435.148;33.1836
85.4611;435.136;32.993
84.3992;435.123;32.9336
83.3411;435.108;32.814
82.2866;435.093;32.6481
81.2356;435.077;32.5405
80.1881;435.06;32.4903
79.1438;435.043;32.3391
78.1028;435.024;32.2427
77.0648;435.005;32.1494
76.0298;434.985;32.0598
74.9977;434.964;32.018
73.9683;434.942;31.8944
72.9414;434.919;31.82
71.9169;434.895;31.7864
70.8945;434.869;31.7216
69.8733;434.842;31.6941
68.8525;434.813;31.6819
67.832;434.782;31.679
66.8116;434.749;31.6766
65.7914;434.713;31.6762
64.7738;434.676;31.535
63.7594;434.636;31.4457
62.7479;434.593;31.4042
61.7391;434.546;31.3247
60.7327;434.496;31.2514
59.7288;434.442;31.1841
58.7271;434.385;31.0945
57.7275;434.323;31.0671
56.2315;434.222;30.9733
54.7393;434.11;30.9166
53.2504;433.989;30.8846
51.7644;433.856;30.8475
50.2807;433.713;30.8156
48.7989;433.56;30.8066
47.3186;433.398;30.8022
45.8391;433.227;30.8077
44.3602;433.048;30.8268
42.8813;432.862;30.8426
41.4021;432.669;30.8795
39.922;432.471;30.9144
38.4413;432.267;30.9269
36.9611;432.059;30.9259
35.4816;431.847;30.9253
34.0025;431.63;30.9469
32.5206;431.407;31.0293
31.5308;431.256;31.0852
30.5394;431.104;31.1422
29.5464;430.949;31.1995
28.5518;430.792;31.2849
27.5557;430.633;31.3424
26.5582;430.472;31.3716
25.5593;430.307;31.4576
24.559;430.141;31.4869
23.5572;429.972;31.5448
22.554;429.799;31.6024
21.5496;429.624;31.688
20.5439;429.445;31.7163
19.5369;429.263;31.7727
18.5285;429.076;31.8288
17.5192;428.886;31.9137
16.5089;428.691;31.9698
15.4976;428.492;31.9968
14.4853;428.288;32.0831
13.472;428.081;32.1101
12.4578;427.868;32.1666
11.4429;427.652;32.2525
10.4267;427.43;32.3092
9.40955;427.203;32.336
8.39187;426.972;32.4219
7.37377;426.736;32.4404
6.3561;426.494;32.4599
5.3396;426.247;32.4616
4.32463;425.995;32.4561
3.31128;425.738;32.448
2.29916;425.476;32.4709
1.28552;425.207;32.538
0.270987;424.931;32.641
-0.743445;424.649;32.6692
-1.75753;424.358;32.7662
-2.77143;424.06;32.7913
-3.78507;423.755;32.8492
-4.79818;423.442;32.9048
-5.81066;423.121;32.9936
-6.82245;422.793;33.0507
-7.83467;422.457;33.1071
-8.84717;422.113;33.1618
-9.85858;421.761;33.1829
-10.8683;421.401;33.238
-11.8768;421.033;33.3255
-12.8843;420.658;33.3801
-13.8909;420.275;33.4353
-14.8967;419.885;33.4909
-15.9016;419.489;33.546
-16.9062;419.086;33.6035
-17.9114;418.676;33.6598
-18.9163;418.259;33.7138
-19.9191;417.837;33.7372
-20.9207;417.409;33.7905
-21.9212;416.974;33.8706
-22.9206;416.534;33.8912
-23.9187;416.087;33.9396
-24.9159;415.634;33.9654
-25.9124;415.172;33.9639
-26.905;414.703;33.9462
-27.8909;414.228;33.9204
-28.8721;413.745;33.8954
-29.8496;413.253;33.9316
-30.8233;412.753;33.9271
-31.7931;412.245;33.9427
-32.7585;411.726;33.9764
-33.7194;411.198;33.9816
-34.677;410.656;33.9569
-35.6287;410.101;33.9596
-36.5705;409.535;33.9203
-37.5024;408.957;33.9135
-38.4261;408.367;33.8813
-39.3414;407.765;33.8437
-40.2482;407.151;33.784
-41.1463;406.526;33.733
-42.0358;405.883;33.662
-42.9147;405.228;33.581
-43.7767;404.561;33.4876
-44.6244;403.883;33.3836
-45.4595;403.193;33.2728
-46.2815;402.493;33.1399
-47.0899;401.783;33.0066
-47.8841;401.061;32.8531
-48.6633;400.33;32.6702
-49.4262;399.581;32.4257
-50.1703;398.82;32.1319
-50.888;398.055;31.8769
-51.5841;397.285;31.6486
-52.2636;396.507;31.4518
-52.9276;395.722;31.2289
-53.5746;394.93;31.0019
-54.2037;394.131;30.764
-54.8108;393.316;30.4603
-55.3962;392.493;30.1252
-56.2242;391.262;29.7706
-57.0037;390.024;29.3776
-57.7419;388.778;29.0026
-58.4354;387.526;28.6308
-59.0816;386.267;28.22
-59.6707;384.999;27.7798
-60.2072;383.734;27.383
-60.6869;382.471;27.0743
-61.1209;381.208;26.7604
-61.5082;379.947;26.4621
-61.8486;378.687;26.1754
-62.1412;377.43;25.8003
-62.384;376.176;25.6112
-62.58;374.928;25.3485
-62.7287;373.689;25.1228
-62.8347;372.456;24.9313
-62.8999;371.229;24.8057
-62.9257;370.009;24.7094
-62.9133;368.794;24.6629
-62.8664;367.586;24.638
-62.7886;366.382;24.7267
-62.6867;365.18;24.7867
-62.5713;363.98;24.8872
-62.4558;362.778;24.9644
-62.3561;361.576;24.9509
-62.2834;360.375;24.8817
-62.2433;359.176;24.7336
-62.2373;357.983;24.5135
-62.2689;356.799;24.2396
-62.3377;355.625;23.9165
-62.4456;354.465;23.5524
-62.5939;353.321;23.1653
-62.7814;352.197;22.7601
-63.0097;351.094;22.3474
-63.2776;350.016;21.935
-63.5844;348.966;21.5348
-63.9303;347.945;21.146
-64.3135;346.955;20.7845
-64.7326;345.998;20.4435
-65.1874;345.077;20.1326
-65.6762;344.19;19.8606
-66.3774;343.064;19.5583
-67.1343;342.003;19.3187
-67.9417;341.005;19.1528
-68.7965;340.069;19.0969
-69.6954;339.188;19.0912
-70.6332;338.358;19.1196
-71.6069;337.569;19.3154
-72.6087;336.805;19.5066
-73.6244;336.047;19.6811
-74.6373;335.272;19.7813
-75.6352;334.47;19.8651
-76.6117;333.636;19.9327
-77.5713;332.773;20.0313
-78.5107;331.882;20.0811
-79.4337;330.966;20.1964
-80.3464;330.027;20.3612
-81.2513;329.073;20.4596
-82.1555;328.106;20.5907
-83.0624;327.129;20.7498
-83.7453;326.392;20.8407
-84.4319;325.653;20.9295
-85.1216;324.909;20.9838
-85.8135;324.164;21.0337
-86.5048;323.417;21.0225
-87.1948;322.671;21.0061
-87.8832;321.924;20.9994
-88.5705;321.175;21.0295
-89.2567;320.423;21.0441
-89.942;319.668;21.0956
-90.6264;318.91;21.1193
-91.3103;318.149;21.1657
-91.9945;317.384;21.2398
-92.6798;316.617;21.2967
-93.367;315.848;21.3573
-94.0567;315.078;21.4209
-94.7493;314.305;21.4597
-95.4455;313.532;21.5272
-96.1459;312.757;21.6256
-96.8509;311.983;21.6973
-97.5608;311.208;21.7704
-98.2758;310.433;21.8142
-98.9963;309.658;21.8894
-99.7224;308.883;21.9973
-100.454;308.109;22.0308
-101.19;307.338;22.0264
-101.928;306.571;22.0081
-102.67;305.807;22.0245
-103.417;305.045;22.085
-104.171;304.283;22.2248
-104.932;303.521;22.3223
-105.7;302.759;22.4171
-106.474;301.997;22.5095
-107.255;301.236;22.5998
-108.043;300.476;22.6526
-108.836;299.716;22.7396
-109.637;298.956;22.8249
-110.444;298.198;22.9082
-111.257;297.44;22.99
-112.076;296.683;23.1034
-112.901;295.928;23.149
-113.733;295.175;23.2266
-114.572;294.423;23.3349
-115.417;293.673;23.378
-116.27;292.925;23.4833
-117.13;292.181;23.5237
-117.998;291.441;23.5924
-118.875;290.707;23.6602
-119.76;289.978;23.7265
-120.655;289.254;23.7924
-121.558;288.537;23.8589
-122.47;287.825;23.957
-123.39;287.118;24.0243
-124.319;286.417;24.0914
-125.255;285.72;24.129
-126.198;285.029;24.1975
-127.148;284.341;24.2661
-128.105;283.656;24.3347
-129.068;282.975;24.433
-130.038;282.297;24.5012
-131.013;281.622;24.5393
-131.995;280.949;24.6377
-132.983;280.28;24.7046
-133.976;279.613;24.7719
-134.974;278.949;24.8389
-135.979;278.288;24.9056
-136.989;277.63;24.9423
-138.005;276.974;25.0384
-139.027;276.322;25.1044
-140.055;275.673;25.1408
-141.088;275.026;25.2364
-142.126;274.383;25.3028
-143.17;273.74;25.3401
-144.217;273.099;25.4368
-145.269;272.459;25.5039
-146.325;271.818;25.5419
-147.384;271.176;25.6382
-148.445;270.533;25.6762
-149.509;269.887;25.7431
-150.575;269.238;25.8098
-151.642;268.587;25.9051
-152.712;267.931;25.9716
-153.783;267.273;26.0375
-154.856;266.611;26.1039
-155.93;265.946;26.1415
-157.007;265.279;26.2078
-158.087;264.61;26.2743
-159.169;263.939;26.3407
-160.254;263.267;26.407
-161.343;262.595;26.4731
-162.436;261.922;26.5681
-163.533;261.25;26.634
-164.633;260.578;26.6999
-165.737;259.906;26.7371
-166.845;259.234;26.8321
-167.957;258.562;26.8983
-169.071;257.889;26.9647
-170.189;257.214;27.0022
-171.31;256.539;27.0973
-172.434;255.862;27.1635
-173.561;255.184;27.2297
-174.69;254.505;27.296
-175.822;253.823;27.3621
-176.957;253.141;27.4283
-178.095;252.456;27.4943
-179.235;251.769;27.532
-180.378;251.08;27.5982
-181.523;250.389;27.6928
-182.67;249.695;27.7587
-183.82;248.999;27.8246
-184.971;248.3;27.862
-186.124;247.597;27.9275
-187.278;246.89;28.0208
-188.433;246.179;28.086
-189.589;245.464;28.1509
-190.746;244.744;28.1877
-191.904;244.018;28.2792
-193.061;243.286;28.3424
-194.217;242.548;28.3779
-195.373;241.802;28.4675
-196.528;241.05;28.5292
-197.68;240.289;28.5902
-198.831;239.52;28.6237
-199.98;238.743;28.6838
-201.126;237.957;28.7436
-202.27;237.161;28.8299
-203.41;236.356;28.862
-204.547;235.542;28.9478
-205.681;234.718;28.9795
-206.811;233.884;29.065
-207.937;233.04;29.1234
-209.06;232.187;29.1817
-210.178;231.323;29.2129
-211.292;230.45;29.298
-212.402;229.567;29.356
-213.507;228.673;29.414
-214.608;227.77;29.4719
-215.705;226.857;29.5298
-216.796;225.934;29.5876
-217.883;225.001;29.6183
-218.965;224.057;29.6757
-220.041;223.104;29.7561
-221.111;222.139;29.7827
-222.173;221.162;29.8589
-223.228;220.173;29.9078
-224.274;219.172;29.9293
-225.31;218.158;29.9994
-226.337;217.131;30.0173
-227.353;216.09;30.0835
-228.357;215.035;30.1232
-229.349;213.967;30.1154
-230.327;212.886;30.0864
-231.289;211.794;30.0437
-232.237;210.691;30.0407
-233.17;209.575;30.0523
-234.091;208.446;30.0911
-234.999;207.304;30.1565
-235.893;206.149;30.1991
-236.775;204.982;30.2432
-237.645;203.804;30.2884
-238.502;202.614;30.305
-239.345;201.412;30.3653
-240.174;200.198;30.3782
-240.988;198.971;30.4339
-241.786;197.733;30.4622
-242.568;196.482;30.4649
-243.331;195.219;30.4864
-244.076;193.944;30.5298
-244.803;192.656;30.5548
-245.513;191.357;30.5607
-246.207;190.047;30.5999
-246.885;188.727;30.6754
-247.551;187.397;30.7319
-248.206;186.06;30.7668
-248.853;184.716;30.8333
-249.5;183.358;30.9004
-250.143;182.006;30.992
-250.789;180.651;31.0519
-251.222;179.748;31.0627
-251.658;178.844;31.0998
-252.096;177.941;31.136
-252.537;177.037;31.1997
-252.981;176.134;31.2369
-253.427;175.23;31.267
-253.874;174.325;31.2865
-254.322;173.42;31.3507
-254.769;172.512;31.3636
-255.215;171.603;31.4009
-255.659;170.691;31.4597
-256.099;169.777;31.4673
-256.534;168.859;31.517
-256.965;167.938;31.539
-257.388;167.013;31.556
-257.804;166.084;31.5679
-258.212;165.15;31.5554
-258.612;164.213;31.5614
-259.002;163.271;31.5648
-259.383;162.325;31.5872
-259.754;161.375;31.5645
-260.115;160.42;31.5838
-260.464;159.462;31.559
-260.803;158.499;31.5761
-261.13;157.533;31.5735
-261.447;156.562;31.5497
-261.752;155.588;31.5721
-262.045;154.611;31.5727
-262.327;153.63;31.5517
-262.598;152.645;31.5539
-262.856;151.658;31.5795
-263.103;150.667;31.5864
-263.339;149.674;31.5954
-263.563;148.678;31.6066
-263.777;147.679;31.6202
-263.98;146.677;31.6359
-264.172;145.673;31.6537
-264.354;144.666;31.6484
-264.526;143.657;31.6707
-264.688;142.646;31.7229
-264.842;141.633;31.7501
-264.986;140.618;31.7524
-265.121;139.601;31.8061
-265.248;138.582;31.8086
-265.366;137.561;31.8356
-265.475;136.538;31.8616
-265.576;135.514;31.8885
-265.669;134.488;31.9417
-265.754;133.461;31.943
-265.831;132.432;31.9939
-265.899;131.402;32.0183
-265.959;130.37;32.0168
-266.011;129.338;32.0634
-266.053;128.304;32.0612
-266.088;127.269;32.0843
-266.114;126.233;32.1323
-266.131;125.196;32.1544
-266.139;124.158;32.1619
-266.139;123.119;32.1982
-266.129;122.08;32.2208
-266.112;121.04;32.2179
-266.085;119.999;32.243
-266.051;118.958;32.2976
-266.009;117.916;32.3271
-265.96;116.874;32.3309
-265.904;115.831;32.3635
-265.84;114.787;32.4245
-265.77;113.743;32.4585
-265.694;112.698;32.4929
-265.612;111.652;32.501
-265.523;110.606;32.5367
-265.43;109.56;32.5979
-265.331;108.513;32.6054
-265.225;107.465;32.6377
-265.114;106.417;32.6693
-264.997;105.369;32.6995
-264.874;104.321;32.7529
-264.744;103.272;32.77
-264.608;102.223;32.8087
-264.465;101.174;32.8093
-264.314;100.126;32.8341
-264.157;99.0773;32.8699
-263.992;98.0292;32.9058
-263.818;96.9814;32.9026
-263.637;95.9344;32.9238
-263.448;94.888;32.9692
-263.251;93.8424;32.9642
-263.045;92.7976;32.9856
-262.831;91.7537;33.0322
-262.608;90.7109;33.028
-262.377;89.6693;33.0587
-262.137;88.629;33.068
-261.889;87.5901;33.1119
-261.631;86.5527;33.1062
-261.365;85.517;33.1482
-261.089;84.4831;33.1661
-260.805;83.4509;33.1848
-260.512;82.4205;33.1786
-260.21;81.392;33.222
-259.899;80.3655;33.2404
-259.579;79.3412;33.2339
-259.251;78.319;33.2772
-258.913;77.2992;33.2956
-258.566;76.2817;33.3135
-258.21;75.2668;33.3319
-257.846;74.2544;33.326
-257.472;73.2444;33.371
-257.09;72.237;33.3654
-256.699;71.2325;33.408
-256.299;70.2309;33.4012
-255.89;69.2325;33.4413
-255.472;68.2373;33.4565
-255.044;67.2455;33.454
-254.607;66.2573;33.4845
-254.161;65.2726;33.4989
-253.706;64.2915;33.513
-253.242;63.3141;33.5021
-252.768;62.3406;33.5155
-252.285;61.3712;33.5284
-251.793;60.406;33.5406
-251.292;59.4452;33.5758
-250.78;58.4891;33.5859
-250.26;57.5377;33.5961
-249.729;56.5911;33.6068
-249.19;55.6493;33.593
-248.641;54.7126;33.6262
-248.082;53.7812;33.6345
-247.514;52.8553;33.642
-246.937;51.9351;33.6487
-246.349;51.0206;33.6544
-245.752;50.1122;33.636
-245.146;49.2099;33.6635
-244.529;48.314;33.6465
-243.904;47.4244;33.6732
-243.269;46.541;33.6797
-242.624;45.664;33.6618
-241.971;44.7936;33.6929
-241.308;43.93;33.6994
-240.636;43.0734;33.6819
-239.954;42.2239;33.7107
-239.263;41.3818;33.6918
-238.563;40.5472;33.6969
-237.854;39.7203;33.7213
-237.136;38.901;33.7258
-236.409;38.0891;33.7065
-235.674;37.2849;33.7364
-234.929;36.4884;33.742
-234.176;35.6998;33.7235
-233.415;34.9193;33.7294
-232.644;34.1469;33.7588
-231.866;33.3829;33.7638
-231.079;32.6272;33.7447
-230.284;31.8803;33.7725
-229.48;31.1418;33.7782
-228.669;30.4118;33.7597
-227.849;29.6904;33.7652
-227.022;28.978;33.7694
-226.187;28.2747;33.7952
-225.344;27.5808;33.7734
-224.493;26.8964;33.7955
-223.634;26.2218;33.771
-222.768;25.5572;33.7896
-221.894;24.9027;33.7618
-221.012;24.2586;33.7774
-220.123;23.6248;33.7716
-219.227;23.0014;33.7655
-218.324;22.3886;33.7587
-217.413;21.7866;33.7511
-216.496;21.1958;33.7198
-215.571;20.6162;33.7118
-214.64;20.0479;33.7039
-213.702;19.491;33.6964
-212.757;18.9456;33.6896
-211.807;18.4117;33.7083
-210.849;17.8893;33.7052
-209.886;17.3782;33.6796
-208.917;16.8781;33.71
-207.943;16.3889;33.6912
-206.962;15.9104;33.702
-205.977;15.4425;33.7423
-204.986;14.9852;33.7581
-203.99;14.5383;33.7755
-202.99;14.1017;33.7682
-201.984;13.6751;33.7881
-200.974;13.2583;33.8091
-199.96;12.8509;33.8311
-198.941;12.4525;33.8839
-197.919;12.0627;33.9106
-196.892;11.6812;33.938
-195.862;11.3079;33.9389
-194.828;10.9425;33.9668
-193.79;10.5853;34.02
-192.749;10.2362;34.0457
-191.704;9.89527;34.0563
-190.656;9.56262;34.0915
-189.605;9.23852;34.1112
-188.55;8.92324;34.1044
-187.492;8.61668;34.1224
-186.431;8.31879;34.1477
-185.367;8.02988;34.1797
-184.3;7.7502;34.1934
-183.23;7.48004;34.1808
-182.156;7.21965;34.2163
-181.08;6.96934;34.2014
-180.002;6.72926;34.21
-178.92;6.49957;34.2424
-177.836;6.28039;34.25
-176.75;6.0718;34.2374
-175.661;5.87379;34.2408
-174.57;5.68617;34.278
-173.477;5.50859;34.292
-172.382;5.3409;34.3091
-171.284;5.18289;34.3013
-170.185;5.03441;34.3237
-169;4.88492;34.3827
-167.792;4.74273;34.3855
-166.578;4.60961;34.4535
-165.355;4.48422;34.4632
-164.103;4.36359;34.5404
-162.869;4.25105;34.5869
-161.632;4.14328;34.602
-160.431;4.0423;34.6475
-159.217;3.94309;34.6923
-158.016;3.84668;34.7653
-156.811;3.75094;34.7983
-155.598;3.6548;34.8182
-154.4;3.55984;34.8876
-153.203;3.46477;34.926
-152.04;3.37215;34.9643
-150.876;3.27922;35.0025
-149.709;3.18602;35.0126
-148.543;3.09301;35.0507
-147.391;3.00148;35.1154
-146.233;2.91043;35.125
-145.059;2.81953;35.1892
-143.866;2.7291;35.1985
-142.701;2.64297;35.2605
-141.524;2.55844;35.2956
-140.351;2.47691;35.303
-139.139;2.3959;35.3653
-137.928;2.3184;35.3723
-136.718;2.24465;35.4234
-135.51;2.17473;35.4678
-134.275;2.10719;35.5018
-133.073;2.04527;35.5084
-131.827;1.98488;35.5714
-130.599;1.92918;35.5785
-129.366;1.87676;35.6423
-128.121;1.82723;35.668
-126.868;1.78066;35.6864
-125.59;1.73621;35.7515
-124.345;1.69562;35.7604
-123.109;1.65766;35.7969
-121.88;1.62199;35.8606
-120.655;1.58801;35.898
-119.393;1.55445;35.9347
-118.148;1.52246;35.9435
-116.886;1.49078;35.9807
-115.648;1.4602;36.017
-114.416;1.43008;36.0802
-113.164;1.39945;36.1069
-111.952;1.36961;36.1243
-110.736;1.33938;36.1594
-109.525;1.30879;36.2204
-108.325;1.27797;36.2284
-107.12;1.2466;36.2888
-105.926;1.21527;36.3231
-104.718;1.18336;36.3312
-103.506;1.15121;36.3828
-102.302;1.11926;36.3997
-101.101;1.08762;36.4337
-99.8929;1.05621;36.4937
-98.6923;1.02559;36.5013
-97.4908;0.995664;36.5348
-96.2921;0.966719;36.594
-95.0834;0.938594;36.6014
-93.8693;0.911523;36.6611
-92.6593;0.885898;36.6933
-91.4729;0.862031;36.7257
-90.2785;0.839297;36.7329
-89.0825;0.817891;36.7656
-87.8896;0.797734;36.8146
-86.688;0.778672;36.831
-85.492;0.760781;36.8637
-84.2812;0.743711;36.9226
-83.0675;0.7275;36.9558
-81.857;0.712109;36.9795
-80.6584;0.697539;37.0214
-79.4497;0.683398;37.045
-78.2416;0.669727;37.0615
-77.043;0.656445;37.1194
-75.8444;0.643359;37.1265
-74.6454;0.63043;37.1589
-73.446;0.617539;37.2165
-72.2455;0.604648;37.2235
-71.0441;0.59168;37.281
-69.8415;0.578672;37.2879
-68.638;0.565508;37.3201
-67.4333;0.552227;37.3775
-66.2277;0.53875;37.3843
-65.021;0.525117;37.4164
-63.8133;0.511211;37.4484
-62.6046;0.497148;37.4805
-61.3948;0.482891;37.5124
-60.1841;0.468359;37.5444
-58.9722;0.453633;37.5763
-57.7594;0.438711;37.6081
-56.5455;0.423516;37.64
-55.3307;0.408164;37.6718
-54.1147;0.392617;37.7288
-52.8978;0.376836;37.7353
-51.6798;0.360898;37.7922
-50.4608;0.344766;37.8239
-49.2409;0.328516;37.8304
-48.0198;0.312148;37.8872
-46.7978;0.295664;37.8936
-45.5747;0.279141;37.9504
-44.3507;0.262539;37.9819
-43.1256;0.245859;37.9883
-41.8995;0.229219;38.0198
-40.6724;0.212539;38.0764
-39.4442;0.195898;38.0826
-38.2151;0.179258;38.114
-36.9849;0.162695;38.1454
-35.7537;0.146133;38.2019
-34.5216;0.129648;38.2081
-33.2884;0.113242;38.2644
-32.0542;0.0968359;38.2706
-30.819;0.0804688;38.3269
-29.5828;0.0641797;38.3581
-28.3456;0.0479297;38.3892
-27.1073;0.0316797;38.4204
-25.8681;0.0155078;38.4514
-24.6279;-0.000664063;38.4574
-23.3866;-0.0167969;38.5135
-22.1444;-0.0329297;38.5195
-20.9012;-0.0490234;38.5505
-19.6569;-0.0651172;38.6065
-18.4117;-0.0811719;38.6124
-17.1654;-0.0971875;38.6433
-15.9182;-0.113203;38.6992
-14.67;-0.129219;38.73
-13.4208;-0.145234;38.7608
-12.1706;-0.161211;38.7666
-10.9194;-0.177188;38.8224
-9.66716;-0.193164;38.8531
-8.41397;-0.209141;38.8741
-7.1598;-0.225117;38.8894
-5.90463;-0.241133;38.9451
-4.64848;-0.257148;38.9507
-3.39134;-0.273164;38.9813
-2.13322;-0.28918;39.0364
