1.05543;7.8125e-05;2.44545
2.16407;7.8125e-05;3.57769
3.20568;0.000195312;4.31611
4.23927;0.00046875;4.44974
5.36663;0.000742187;5.20606
6.47158;0.00101562;5.74306
7.52882;0.00132813;6.63307
8.68705;0.00171875;7.13466
9.6912;0.00203125;7.60644
10.7593;0.00246094;8.35066
11.8889;0.00292969;8.5399
13.0771;0.00347656;9.24184
14.3225;0.00414062;9.41845
15.6234;0.00476563;9.84044
16.6382;0.00535156;10.2502
17.6759;0.0059375;10.4535
18.7497;0.0065625;10.8595
19.8462;0.00726563;11.0382
20.9774;0.00796875;11.4294
22.131;0.00875;11.807
23.3183;0.00957031;11.9893
24.5278;0.0103906;12.3494
25.7699;0.0113281;12.541
27.0342;0.0123047;12.7163
28.33;0.0133594;13.0834
29.6482;0.0144141;13.4229
30.9856;0.0155078;13.2732
32.3144;0.0166797;13.2595
33.6674;0.0178516;13.635
35.0453;0.0190234;13.8589
36.455;0.0203125;14.2334
37.8887;0.0216016;14.4144
39.3518;0.0230078;14.7268
40.8378;0.0244141;14.9356
41.8432;0.0254297;15.103
42.8596;0.0264844;15.2678
43.8868;0.0275391;15.5503
44.9246;0.0286328;15.7064
45.9728;0.0297266;15.7479
47.0313;0.0308984;15.904
48.1001;0.0320703;16.0583
49.179;0.0332422;16.3138
50.268;0.0344922;16.4621
51.3668;0.0357422;16.5122
52.4756;0.0370312;16.6609
53.5941;0.0383594;16.8085
54.7223;0.0396875;16.955
55.8602;0.0410547;17.1802
57.0077;0.0424609;17.3311
58.1648;0.0438672;17.3888
59.3313;0.0453516;17.5318
60.5073;0.046875;17.674
61.6928;0.0483984;17.8154
62.8875;0.0499609;17.9562
64.0917;0.0515234;18.1757
65.3051;0.0531641;18.236
66.5278;0.0548047;18.375
67.7597;0.0565234;18.5916
69.0009;0.0582422;18.6516
70.2512;0.06;18.8668
71.5107;0.0617969;18.9264
72.7792;0.0635937;19.0631
74.0569;0.0654688;19.1995
75.3437;0.0673437;19.3354
76.6395;0.0692969;19.5387
77.9443;0.07125;19.6063
79.2581;0.0732813;19.7412
80.5809;0.0753125;19.9522
81.9127;0.0773828;20.0863
83.2533;0.0794922;20.2201
84.6029;0.0816406;20.2774
85.9584;0.0838281;20.3332
87.3126;0.0860156;20.3129
88.6654;0.0882031;20.3736
90.0267;0.0904687;20.4515
91.3981;0.0927344;20.6055
92.7793;0.0950391;20.8341
94.1701;0.0973828;20.9728
95.5699;0.0997266;21.0304
96.9785;0.102148;21.1618
98.3957;0.104609;21.2889
99.8211;0.107109;21.483
101.255;0.109648;21.5327
102.696;0.112266;21.7081
104.145;0.114883;21.7653
105.602;0.117539;21.9341
107.066;0.120234;21.9895
108.537;0.122969;22.1637
110.016;0.125703;22.2073
111.502;0.128516;22.3144
112.995;0.131328;22.4204
114.495;0.134219;22.5778
116.001;0.137109;22.6299
117.515;0.140078;22.7336
119.036;0.143047;22.8986
120.563;0.146094;23.0009
122.098;0.149141;23.0411
123.639;0.152266;23.2042
125.187;0.155391;23.2943
126.741;0.158594;23.3447
128.303;0.161797;23.4452
129.871;0.165117;23.5953
131.445;0.168398;23.7062
133.027;0.171758;23.8057
134.615;0.175117;23.8442
136.209;0.178555;23.9433
137.81;0.181992;24.0422
139.418;0.185508;24.1409
141.032;0.189023;24.2885
142.653;0.192617;24.398
144.281;0.196211;24.496
145.915;0.199883;24.5938
147.555;0.203555;24.631
149.202;0.207305;24.7888
150.855;0.211055;24.8257
152.515;0.214883;24.9228
154.182;0.21875;25.0197
155.854;0.222695;25.1765
157.534;0.226641;25.273
159.219;0.230625;25.3693
160.911;0.234648;25.4053
162.61;0.238711;25.5492
164.315;0.242852;25.6571
166.026;0.246992;25.6927
167.744;0.251211;25.8481
169.467;0.255469;25.8834
171.198;0.259766;26.0384
172.934;0.264102;26.0735
174.677;0.268477;26.228
176.427;0.27293;26.2628
178.182;0.277383;26.3572
179.944;0.281914;26.511
181.712;0.286484;26.5455
183.486;0.291133;26.6393
185.267;0.295781;26.7331
187.054;0.300469;26.8733
188.847;0.305234;26.92
190.646;0.310039;27.0132
192.452;0.314883;27.1062
194.264;0.319766;27.1991
196.081;0.324687;27.2917
197.905;0.329688;27.3843
199.736;0.334727;27.5359
201.572;0.339805;27.5688
203.415;0.344961;27.6608
205.263;0.350117;27.7526
207.118;0.355352;27.8443
208.979;0.360625;27.9358
210.846;0.365977;28.0272
212.719;0.371367;28.1774
214.598;0.376797;28.2093
216.483;0.382266;28.3455
218.374;0.387812;28.4498
220.271;0.393398;28.5402
222.175;0.399023;28.5716
224.084;0.404727;28.7068
225.999;0.410469;28.7518
227.92;0.41625;28.8416
229.848;0.422109;28.9313
231.781;0.428008;29.0208
233.72;0.433945;29.1688
235.665;0.439961;29.1993
237.616;0.446016;29.2883
239.573;0.452148;29.4357
241.536;0.45832;29.5243
243.505;0.464531;29.5543
245.479;0.470781;29.6426
247.46;0.477109;29.7893
249.446;0.483477;29.8188
251.439;0.489883;29.9067
253.437;0.496367;30.0527
254.438;0.499609;30.0381
255.441;0.502891;30.0819
256.445;0.506172;30.1839
257.451;0.509492;30.1692
258.458;0.512812;30.2564
259.466;0.516133;30.3147
260.476;0.519492;30.2999
261.488;0.522852;30.3869
262.501;0.526211;30.3869
263.515;0.529609;30.4303
264.531;0.533008;30.4737
265.548;0.536406;30.517
266.567;0.539844;30.5603
267.587;0.543281;30.6617
268.608;0.546758;30.6467
269.631;0.550234;30.6899
270.656;0.553711;30.733
271.681;0.557227;30.7761
272.709;0.560742;30.8193
273.736;0.564258;30.8208
274.762;0.567773;30.8043
275.789;0.571328;30.7875
276.814;0.574883;30.7686
277.839;0.578438;30.8038
278.866;0.581992;30.841
279.893;0.585547;30.8263
280.922;0.589141;30.9168
281.952;0.592734;30.9548
282.983;0.596328;30.9399
284.016;0.599922;30.9779
285.05;0.603555;31.069
286.085;0.607188;31.054
287.121;0.61082;31.0921
288.159;0.614492;31.1835
289.198;0.618164;31.1684
290.238;0.621836;31.2066
291.28;0.625547;31.2448
292.323;0.629258;31.283
293.367;0.632969;31.3594
294.412;0.63668;31.413
295.458;0.64043;31.3977
296.506;0.64418;31.4359
297.556;0.647969;31.5277
298.606;0.651758;31.5505
299.658;0.655547;31.5505
300.711;0.659375;31.5887
301.765;0.663203;31.6805
302.82;0.667031;31.665
303.877;0.670898;31.7568
304.935;0.674766;31.7949
305.994;0.678633;31.8175
307.055;0.682578;31.8175
308.117;0.686484;31.9092
309.18;0.690391;31.8936
310.244;0.694336;31.9316
311.31;0.698281;31.9696
312.377;0.702227;32.0076
313.445;0.706211;32.0455
314.514;0.710195;32.0834
315.585;0.714219;32.175
316.657;0.718242;32.1592
317.73;0.722266;32.197
318.805;0.726328;32.2348
319.88;0.730391;32.2726
320.957;0.734453;32.3103
322.036;0.738555;32.3481
323.115;0.742656;32.4234
324.196;0.746758;32.4234
325.278;0.750898;32.5146
326.361;0.755039;32.4986
327.446;0.759219;32.5362
328.532;0.763398;32.6273
329.619;0.767578;32.6648
330.707;0.771797;32.6487
331.796;0.776016;32.7397
332.887;0.780234;32.7771
333.979;0.784492;32.7609
335.072;0.78875;32.8518
336.167;0.793008;32.8356
337.263;0.797305;32.9101
338.36;0.801641;32.9636
339.458;0.805977;32.9845
340.557;0.810313;33.0217
341.658;0.814648;33.0751
342.76;0.819023;33.0588
343.863;0.823398;33.0958
344.968;0.827773;33.1329
346.073;0.832187;33.2233
347.18;0.836602;33.2069
348.288;0.841055;33.2438
349.398;0.845508;33.2808
350.508;0.849961;33.3176
351.62;0.854453;33.3545
352.733;0.858945;33.4281
353.847;0.863477;33.4281
354.963;0.868008;33.5182
356.079;0.872539;33.5549
357.197;0.877109;33.5916
358.317;0.88168;33.6115
359.437;0.88625;33.6481
360.558;0.890859;33.7014
361.681;0.895469;33.7379
362.805;0.900117;33.7577
363.931;0.904766;33.7577
365.057;0.909414;33.8473
366.185;0.914102;33.8305
367.314;0.918789;33.8669
368.444;0.923516;33.9565
369.575;0.928242;33.9928
370.707;0.932969;34.0121
371.841;0.937773;34.0483
372.976;0.942539;34.0845
374.112;0.947305;34.1207
375.249;0.952109;34.1207
376.388;0.956914;34.1568
377.528;0.961758;34.1929
378.669;0.968086;34.2279
379.811;0.977305;34.2604
380.954;0.990742;34.2895
382.098;1.00613;34.3778
383.243;1.02293;34.3587
384.389;1.04207;34.446
385.537;1.06395;34.4271
386.685;1.0902;34.4865
387.834;1.12199;34.5311
388.984;1.16059;34.5502
390.134;1.20723;34.5261
391.285;1.26012;34.6035
392.437;1.31762;34.5768
393.589;1.38078;34.6039
394.742;1.45141;34.674
395.895;1.53066;34.6603
397.047;1.61957;34.699
398.199;1.71891;34.7146
399.351;1.82707;34.7344
400.503;1.94242;34.7538
401.655;2.06562;34.7227
402.807;2.19699;34.7956
403.959;2.33785;34.8127
405.109;2.48848;34.7955
406.258;2.6498;34.8338
407.407;2.8227;34.8
408.553;3.00715;34.8404
409.697;3.2025;34.8516
410.841;3.40738;34.8104
411.984;3.62117;34.8251
413.125;3.84598;34.8379
414.264;4.08219;34.8454
415.401;4.33043;34.8478
416.536;4.58953;34.8609
417.669;4.85797;34.8789
418.801;5.13656;34.9541
419.931;5.42496;34.9251
421.059;5.72277;34.9521
422.185;6.02988;35.01
423.31;6.34684;35.01
424.432;6.67355;35.0332
425.551;7.0107;35.0917
426.668;7.3591;35.0632
427.78;7.71781;35.1141
428.891;8.0873;35.0986
430;8.46512;35.0986
431.106;8.85137;35.1217
432.21;9.24766;35.1893
433.31;9.65438;35.1574
434.407;10.0728;35.1667
435.499;10.5021;35.2039
436.586;10.9445;35.2073
437.67;11.3975;35.2015
438.747;11.863;35.1531
439.819;12.3413;35.162
440.884;12.8337;35.1
441.942;13.3405;35.0858
442.991;13.8613;35.0056
444.032;14.3929;34.9928
445.065;14.9421;34.8991
446.093;15.5014;34.8055
447.111;16.0763;34.8055
448.121;16.6638;34.7701
449.122;17.2652;34.7952
450.113;17.8802;34.7222
451.095;18.5088;34.6973
452.066;19.148;34.7273
453.029;19.8055;34.7053
453.984;20.4715;34.6453
454.927;21.1515;34.7019
455.861;21.8436;34.703
456.784;22.548;34.6599
457.698;23.2644;34.6592
458.601;23.9921;34.6538
459.495;24.7344;34.6575
460.382;25.4845;34.7228
461.257;26.2455;34.6874
462.124;27.0168;34.7005
462.981;27.7982;34.7088
463.829;28.5902;34.7107
464.668;29.3915;34.723
465.5;30.2031;34.8061
466.326;31.023;34.7716
467.141;31.851;34.8153
467.948;32.6879;34.8625
468.746;33.5334;34.8293
469.535;34.3877;34.8364
470.316;35.2501;34.853
471.091;36.1192;34.8794
471.859;36.9969;34.9021
472.618;37.8839;34.9185
473.367;38.7776;34.9281
474.106;39.6795;34.9325
474.834;40.5896;34.927
475.554;41.5073;34.929
476.265;42.432;34.939
476.967;43.3643;34.9428
477.659;44.3045;34.981
478.339;45.2527;34.9285
479.006;46.211;34.9036
479.659;47.1792;34.862
480.297;48.1536;34.8176
480.92;49.1358;34.7679
481.53;50.1252;34.7697
482.127;51.1217;34.7229
482.71;52.125;34.6315
483.278;53.1371;34.5711
483.828;54.1596;34.5133
484.361;55.1864;34.4295
484.873;56.2187;34.3198
485.37;57.2562;34.2613
485.852;58.2984;34.1737
486.316;59.3471;34.0713
486.76;60.4034;33.798
487.186;61.4638;33.798
487.591;62.5274;33.7388
487.979;63.5938;33.6099
488.353;64.6645;33.5399
488.709;65.7396;33.467
489.048;66.8181;33.396
489.367;67.9;33.3242
489.666;68.985;33.2472
489.947;70.0714;33.2435
490.21;71.1598;33.1273
490.456;72.2515;33.1273
490.685;73.3446;33.0977
490.896;74.4395;33.0688
491.089;75.5355;33.039
491.263;76.632;33.0084
491.42;77.73;33.0438
491.561;78.8295;32.9899
491.687;79.9304;33.0448
491.797;81.0319;32.9991
491.891;82.1343;33.0075
491.97;83.2373;33.0119
492.032;84.3404;33.0123
492.081;85.4446;33.0477
492.118;86.5489;33.0477
492.142;87.6544;33.0809
492.155;88.7613;33.1142
492.157;89.8684;33.2129
492.148;90.9763;33.1869
492.128;92.0847;33.2706
492.096;93.1932;33.2423
492.055;94.3025;33.2786
492.007;95.4135;33.3819
491.951;96.5238;33.4261
491.889;97.6358;33.4671
491.82;98.7495;33.4453
491.746;99.8632;33.4888
491.666;100.978;33.5978
491.583;102.094;33.6252
491.499;103.212;33.6857
491.415;104.332;33.6689
491.334;105.451;33.7066
491.258;106.573;33.7808
491.189;107.697;33.7979
491.13;108.821;33.8148
491.079;109.946;33.7716
491.037;111.072;33.7777
491.006;112.2;33.7704
490.986;113.326;33.7887
490.982;114.453;33.7191
490.989;115.58;33.688
491.01;116.706;33.6671
491.044;117.832;33.6793
491.092;118.957;33.6429
491.157;120.079;33.5645
491.235;121.201;33.5314
491.327;122.321;33.5141
491.433;123.439;33.551
491.553;124.556;33.5361
491.689;125.67;33.4796
491.84;126.781;33.46
492.004;127.89;33.5157
492.183;128.997;33.47
492.375;130.102;33.477
492.583;131.204;33.4804
492.806;132.303;33.4781
493.043;133.398;33.4885
493.292;134.491;33.5111
493.553;135.581;33.5308
493.827;136.668;33.6061
494.112;137.753;33.5764
494.407;138.836;33.6083
494.712;139.917;33.6431
495.03;140.998;33.7269
495.359;142.076;33.6992
495.695;143.151;33.7324
496.04;144.223;33.8268
496.393;145.294;33.8033
496.754;146.362;33.8925
497.122;147.431;33.8694
497.495;148.498;33.907
497.876;149.564;33.9718
498.266;150.63;33.9718
498.663;151.694;33.9928
499.066;152.754;34.0587
499.475;153.813;34.0587
499.888;154.872;34.0916
500.308;155.929;34.1216
500.735;156.984;34.147
501.167;158.039;34.2379
501.604;159.093;34.213
502.049;160.147;34.2432
502.5;161.199;34.3135
502.958;162.245;34.284
503.422;163.291;34.3679
503.891;164.335;34.3633
504.366;165.378;34.3832
504.848;166.417;34.3832
505.335;167.456;34.4385
505.829;168.494;34.4917
506.33;169.53;34.4615
506.837;170.562;34.4788
507.35;171.592;34.5062
507.867;172.62;34.5854
508.39;173.646;34.5558
508.921;174.669;34.621
509.458;175.689;34.6433
510.002;176.707;34.6676
510.551;177.724;34.6545
511.107;178.738;34.6696
511.669;179.748;34.7157
512.24;180.753;34.7211
512.819;181.753;34.6821
513.405;182.75;34.7483
513.998;183.744;34.7082
514.596;184.736;34.7247
515.203;185.723;34.7457
515.82;186.705;34.7457
516.445;187.681;34.7467
517.077;188.653;34.7739
517.716;189.62;34.7739
518.361;190.584;34.7904
519.014;191.544;34.8089
519.674;192.5;34.8244
520.341;193.45;34.8357
521.018;194.394;34.8415
521.702;195.334;34.8559
522.391;196.271;34.9299
523.086;197.203;34.9462
523.789;198.131;34.911
524.498;199.054;34.9683
525.216;199.971;34.9303
525.94;200.884;35.0023
526.669;201.793;34.986
527.404;202.699;34.986
528.145;203.599;35.0035
528.894;204.495;35.0166
529.65;205.384;35.0243
530.414;206.267;35.0345
531.184;207.145;35.0345
531.96;208.018;35.1062
532.742;208.887;35.1191
533.531;209.751;35.0809
534.327;210.608;35.0902
535.132;211.457;35.0945
535.944;212.3;35.0911
536.762;213.135;35.0964
537.588;213.966;35.1647
538.419;214.792;35.1244
539.257;215.611;35.1414
540.102;216.424;35.1561
540.954;217.23;35.1659
541.813;218.028;35.1715
542.68;218.82;35.1866
543.551;219.606;35.2275
544.428;220.387;35.2275
545.312;221.163;35.3005
546.201;221.932;35.3197
547.096;222.694;35.2888
547.999;223.45;35.3004
548.907;224.198;35.3064
549.822;224.94;35.3798
550.742;225.677;35.3989
551.666;226.409;35.3677
552.597;227.134;35.4383
553.534;227.853;35.4063
554.476;228.563;35.4179
555.427;229.265;35.4237
556.383;229.958;35.4198
557.345;230.642;35.4239
558.315;231.32;35.4367
559.289;231.989;35.4843
560.271;232.648;35.4407
561.26;233.297;35.4309
562.255;233.935;35.4138
563.257;234.562;35.4049
564.266;235.18;35.4022
565.28;235.789;35.4022
566.301;236.387;35.4528
567.329;236.974;35.4025
568.361;237.55;35.4067
569.401;238.115;35.4067
570.447;238.671;35.4182
571.496;239.216;35.4908
572.553;239.752;35.4609
573.616;240.278;35.4802
574.681;240.793;35.5146
575.755;241.296;35.5146
576.832;241.791;35.521
577.914;242.273;35.5242
579.004;242.744;35.5487
580.095;243.207;35.5487
581.193;243.657;35.5667
582.297;244.098;35.5737
583.403;244.526;35.6126
584.517;244.94;35.6005
585.634;245.342;35.5524
586.756;245.729;35.5423
587.883;246.105;35.5375
589.013;246.47;35.5951
590.148;246.821;35.5493
591.288;247.16;35.5442
592.432;247.484;35.5442
593.579;247.794;35.6083
594.731;248.092;35.5681
595.886;248.379;35.5881
597.044;248.652;35.6154
598.206;248.914;35.6445
599.371;249.164;35.7182
600.541;249.403;35.7182
601.711;249.632;35.7548
602.885;249.85;35.8042
604.063;250.061;35.9042
605.242;250.262;35.8964
606.425;250.456;36.0049
607.611;250.642;35.9987
608.798;250.821;36.0503
609.988;250.995;36.1573
611.181;251.164;36.1573
612.375;251.328;36.2642
613.573;251.488;36.3212
614.772;251.646;36.3168
615.973;251.801;36.37
617.176;251.954;36.4235
618.381;252.105;36.4759
619.588;252.254;36.5286
620.797;252.403;36.6372
622.008;252.551;36.6329
623.221;252.698;36.6844
624.435;252.845;36.7366
625.651;252.991;36.7873
626.869;253.138;36.8894
628.088;253.284;36.9438
629.309;253.431;36.9399
630.532;253.577;37.0454
631.758;253.724;37.0415
632.982;253.871;37.0883
634.21;254.018;37.1407
635.44;254.166;37.1899
636.67;254.314;37.2931
637.903;254.462;37.2895
639.137;254.61;37.3918
640.373;254.759;37.3883
641.611;254.908;37.4904
642.85;255.057;37.4869
644.09;255.206;37.5871
645.332;255.357;37.6325
646.575;255.511;37.6746
647.819;255.67;37.6708
649.064;255.831;37.7181
650.311;255.994;37.765
651.559;256.159;37.8582
652.808;256.328;37.8582
654.058;256.5;37.9037
655.309;256.675;37.9508
656.561;256.853;37.9982
657.815;257.035;38.0456
659.069;257.22;38.0936
660.325;257.408;38.1927
661.582;257.599;38.1896
662.84;257.793;38.2382
664.099;257.989;38.2859
665.359;258.186;38.3349
666.621;258.386;38.4354
667.884;258.588;38.4331
669.149;258.792;38.4819
670.415;258.997;38.531
671.682;259.203;38.6315
672.951;259.41;38.6292
674.221;259.618;38.6771
675.492;259.828;38.7271
676.765;260.039;38.7749
678.039;260.254;38.8196
679.314;260.474;38.8613
680.589;260.697;38.9082
681.866;260.921;39.0064
683.144;261.149;39.052
684.422;261.38;39.0989
685.702;261.614;39.1456
686.983;261.853;39.193
688.265;262.095;39.2404
689.547;262.341;39.2377
690.83;262.589;39.3336
692.114;262.843;39.3312
693.399;263.102;39.4149
694.683;263.367;39.4099
695.966;263.641;39.4403
697.249;263.924;39.4861
698.531;264.216;39.5346
699.812;264.514;39.5137
701.091;264.819;39.5427
702.372;265.131;39.573
703.653;265.453;39.602
704.931;265.784;39.6838
706.209;266.125;39.6685
707.484;266.477;39.7402
708.756;266.837;39.7643
710.026;267.206;39.7513
711.294;267.586;39.7667
712.561;267.981;39.7661
713.821;268.389;39.7555
715.077;268.812;39.7363
716.327;269.249;39.706
717.571;269.698;39.6941
718.81;270.159;39.6515
720.043;270.633;39.6003
721.273;271.125;39.491
722.495;271.634;39.462
723.707;272.159;39.3578
724.912;272.699;39.3049
726.108;273.25;39.2592
727.296;273.815;39.2289
728.479;274.395;39.2459
729.655;274.991;39.1635
730.822;275.608;39.1299
731.977;276.239;39.1147
733.121;276.883;39.1258
734.255;277.538;39.1419
735.383;278.206;39.1551
736.503;278.888;39.1547
737.613;279.586;39.1483
738.713;280.306;39.1502
739.802;281.038;39.0929
740.875;281.78;39.1034
741.942;282.531;39.111
743.002;283.294;39.1458
744.055;284.071;39.0897
745.094;284.863;39.0651
746.122;285.679;39.0258
747.137;286.504;38.973
748.131;287.338;38.9077
749.118;288.183;38.8605
750.094;289.041;38.8
751.06;289.912;38.7378
752.008;290.797;38.6233
752.941;291.709;38.3503
753.858;292.628;38.2683
754.749;293.555;38.1637
755.631;294.491;38.1637
756.499;295.438;38.0714
757.352;296.398;37.8963
758.185;297.371;37.7541
758.997;298.369;37.5349
759.789;299.376;37.365
760.548;300.385;37.2019
761.296;301.406;37.0392
762.024;302.431;36.9304
762.733;303.468;36.7921
763.425;304.513;36.6631
764.09;305.577;36.4404
764.727;306.654;36.2293
765.334;307.731;36.0416
765.917;308.816;35.9524
766.482;309.907;35.8137
767.026;311.002;35.6434
767.55;312.103;35.5066
768.055;313.207;35.3762
768.535;314.319;34.9695
768.985;315.447;34.9695
769.412;316.571;34.8325
769.804;317.695;34.5634
770.176;318.824;34.5634
770.526;319.954;34.4636
770.856;321.087;34.3775
771.166;322.221;34.2981
771.454;323.357;34.2201
771.712;324.5;34.0858
771.95;325.643;33.9535
772.158;326.78;33.8795
772.345;327.919;33.7995
772.511;329.057;33.7249
772.656;330.194;33.6522
772.781;331.331;33.5838
772.885;332.466;33.5196
772.968;333.6;33.432
773.033;334.733;33.3835
773.072;335.867;33.3835
773.093;336.998;33.3775
773.089;338.124;33.3086
773.067;339.248;33.2706
773.026;340.369;33.2371
772.965;341.488;33.2405
772.886;342.603;33.1729
772.788;343.715;33.1417
772.671;344.823;33.1116
772.535;345.928;33.0814
772.381;347.029;33.0487
772.209;348.126;33.0182
772.018;349.217;32.9616
771.811;350.305;33.0006
771.585;351.388;32.9292
771.341;352.465;32.8959
771.079;353.537;32.8609
770.8;354.604;32.8635
770.502;355.665;32.7836
770.187;356.719;32.74
769.854;357.766;32.697
769.503;358.806;32.6517
769.137;359.839;32.5987
768.753;360.864;32.5457
768.35;361.879;32.5012
767.93;362.887;32.4416
767.494;363.886;32.4207
767.042;364.876;32.3592
766.573;365.857;32.2617
766.086;366.827;32.1978
765.584;367.787;32.1311
765.064;368.734;32.0719
764.529;369.672;32.04
763.978;370.597;31.9377
763.411;371.511;31.8696
762.829;372.412;31.8015
762.232;373.301;31.7683
761.618;374.178;31.6575
760.987;375.04;31.5797
760.344;375.889;31.5395
759.684;376.72;31.4741
759.011;377.539;31.3684
758.328;378.344;31.3188
757.627;379.134;31.2434
756.914;379.909;31.1898
756.189;380.67;31.1019
755.453;381.415;31.0094
754.7;382.143;30.8912
753.938;382.853;30.7935
753.164;383.545;30.6985
752.379;384.218;30.6118
751.584;384.875;30.5219
750.779;385.515;30.4341
749.964;386.138;30.3634
749.14;386.743;30.277
748.307;387.331;30.1716
747.465;387.901;30.0852
746.61;388.45;29.8747
745.748;388.982;29.8747
744.879;389.492;29.7008
744.003;389.982;29.7008
743.12;390.455;29.6375
741.335;391.345;29.3711
739.528;392.161;29.2899
737.697;392.905;29.1611
735.841;393.569;29.0142
733.974;394.15;28.9466
732.096;394.66;28.7725
730.207;395.095;28.7334
728.309;395.463;28.6868
726.399;395.757;28.6954
724.484;395.983;28.7143
722.565;396.144;28.7714
720.643;396.249;28.7976
718.715;396.306;28.9708
716.778;396.333;29.0352
714.828;396.335;29.1622
712.877;396.335;29.2809
710.92;396.354;29.3694
708.961;396.398;29.4588
707.001;396.483;29.4235
705.034;396.621;29.4643
703.077;396.817;29.3899
701.126;397.067;29.3808
699.183;397.37;29.3916
697.25;397.719;29.4139
695.318;398.125;29.4471
693.398;398.584;29.4965
691.494;399.097;29.5763
689.6;399.651;29.6501
687.718;400.246;29.689
685.841;400.896;29.6579
683.984;401.597;29.6828
682.15;402.348;29.6991
680.338;403.146;29.6868
678.548;403.996;29.6645
676.777;404.907;29.642
675.045;405.875;29.5921
673.354;406.897;29.5127
671.699;407.97;29.51
670.078;409.093;29.3991
668.502;410.291;29.2747
666.994;411.542;29.2159
665.537;412.843;29.117
664.133;414.193;28.9777
662.784;415.594;28.9406
661.493;417.049;28.7887
660.269;418.542;28.7611
659.095;420.074;28.7466
657.979;421.642;28.7271
656.921;423.247;28.6899
655.924;424.892;28.6653
654.987;426.565;28.6561
654.108;428.267;28.6208
653.291;429.994;28.5725
652.53;431.747;28.5529
651.82;433.523;28.5775
651.165;435.321;28.6571
650.567;437.138;28.6252
650.027;438.974;28.6375
649.534;440.825;28.7547
649.089;442.693;28.7538
648.697;444.574;28.7948
648.349;446.467;28.8655
648.038;448.373;29.0117
647.766;450.289;29.0343
647.537;452.214;29.0961
647.344;454.149;29.1819
647.184;456.092;29.313
647.065;458.043;29.3235
646.982;460;29.4052
646.928;461.965;29.5556
646.905;463.937;29.5924
646.908;465.914;29.7518
646.93;467.898;29.7977
646.97;469.889;29.9604
647.022;471.886;30.0073
647.052;472.887;30.1164
647.085;473.89;30.1109
647.118;474.893;30.2203
647.153;475.899;30.2713
647.189;476.906;30.2665
647.225;477.916;30.3185
647.262;478.927;30.4256
647.3;479.94;30.4209
647.338;480.954;30.472
647.377;481.97;30.5226
647.416;482.988;30.6231
647.456;484.008;30.6732
647.496;485.028;30.7292
647.536;486.05;30.7792
647.575;487.075;30.8255
647.615;488.101;30.8255
647.653;489.129;30.8747
647.688;490.158;30.9212
647.719;491.189;30.9634
647.749;492.221;31.0113
647.778;493.257;31.0614
647.805;494.292;31.1623
647.83;495.328;31.1566
647.852;496.368;31.2057
647.87;497.409;31.2942
647.882;498.452;31.2942
647.888;499.496;31.3738
647.886;500.541;31.3897
647.878;501.585;31.3897
647.859;502.631;31.4489
647.831;503.678;31.4757
647.796;504.727;31.4613
647.749;505.775;31.4613
647.689;506.824;31.4567
647.615;507.871;31.4567
647.529;508.918;31.4549
647.432;509.965;31.4604
647.326;511.009;31.5189
647.209;512.053;31.5363
647.079;513.098;31.5004
646.936;514.144;31.5005
646.778;515.186;31.5373
646.603;516.224;31.4974
646.416;517.26;31.5035
646.216;518.295;31.541
646.007;519.327;31.5687
645.788;520.356;31.5687
645.557;521.383;31.6005
645.315;522.412;31.6677
645.056;523.441;31.6387
644.785;524.465;31.6458
644.498;525.481;31.6987
644.199;526.496;31.714
643.892;527.507;31.7364
643.576;528.515;31.745
643.25;529.521;31.745
642.913;530.526;31.7896
642.564;531.528;31.7896
642.196;532.53;31.7979
641.817;533.525;31.7987
641.426;534.512;31.8641
641.026;535.496;31.8335
640.617;536.476;31.8525
640.198;537.451;31.8712
639.766;538.423;31.8812
639.321;539.391;31.9108
638.862;540.35;31.869
638.382;541.307;31.8421
637.892;542.256;31.8229
637.391;543.195;31.8226
636.88;544.128;31.8344
636.357;545.054;31.8434
635.823;545.976;31.8472
635.276;546.89;31.8449
634.716;547.795;31.871
634.14;548.691;31.8169
633.548;549.578;31.8091
632.941;550.454;31.7673
632.322;551.316;31.695
631.691;552.168;31.6367
631.048;553.011;31.6367
630.393;553.844;31.645
629.726;554.665;31.6029
629.046;555.475;31.5233
628.354;556.272;31.4714
627.644;557.056;31.3976
626.924;557.827;31.3574
626.192;558.581;31.2603
625.448;559.318;31.1985
624.693;560.043;31.1402
623.928;560.756;31.1384
623.153;561.455;31.0455
622.363;562.138;30.9838
621.559;562.804;30.9282
620.747;563.452;30.818
619.925;564.079;30.7506
619.094;564.692;30.6748
618.255;565.289;30.5991
617.407;565.869;30.5641
616.551;566.434;30.4553
615.687;566.984;30.3988
614.813;567.518;30.3616
613.928;568.036;30.3236
613.038;568.54;30.2881
612.142;569.022;30.2857
611.239;569.492;30.3251
610.33;569.945;30.268
609.414;570.383;30.3168
608.493;570.807;30.3253
607.565;571.218;30.281
606.629;571.616;30.3043
605.689;572.002;30.3255
604.744;572.374;30.4205
603.796;572.735;30.3912
602.843;573.087;30.4931
601.886;573.43;30.4665
600.926;573.764;30.56
599.962;574.089;30.5867
598.994;574.405;30.624
598.021;574.716;30.5946
597.045;575.021;30.6317
596.067;575.322;30.731
595.088;575.616;30.761
594.106;575.904;30.7312
593.12;576.184;30.8183
592.133;576.46;30.8514
591.143;576.732;30.8211
590.151;577;30.8549
589.154;577.264;30.9496
588.156;577.524;30.9827
587.157;577.78;30.9535
586.156;578.032;30.9862
585.154;578.282;31.0187
584.15;578.53;31.1111
583.144;578.775;31.0828
582.137;579.018;31.1142
581.128;579.259;31.1463
580.116;579.5;31.1784
579.104;579.739;31.2668
578.091;579.977;31.2378
577.077;580.215;31.2676
576.062;580.453;31.355
575.046;580.69;31.3259
574.03;580.927;31.3548
573.012;581.163;31.3831
571.993;581.4;31.4401
570.972;581.636;31.4959
569.95;581.873;31.494
568.929;582.11;31.494
567.906;582.347;31.5214
566.882;582.582;31.5998
565.857;582.816;31.5701
564.831;583.045;31.5897
563.803;583.268;31.6048
562.772;583.484;31.6125
561.739;583.694;31.6261
560.704;583.9;31.6972
559.669;584.1;31.6564
558.632;584.295;31.7271
557.593;584.484;31.6885
556.552;584.664;31.7022
555.51;584.839;31.7759
554.466;585.008;31.7407
553.418;585.17;31.7636
552.372;585.327;31.837
551.325;585.479;31.8049
550.274;585.627;31.8833
549.224;585.771;31.8776
548.171;585.911;31.8776
547.117;586.046;31.8995
546.061;586.175;31.9652
545.005;586.298;31.9893
543.946;586.417;31.9551
542.889;586.532;32.0297
541.831;586.644;31.9963
540.769;586.753;32.0748
539.707;586.858;32.0423
538.644;586.96;32.067
537.579;587.058;32.1469
536.514;587.153;32.1707
535.446;587.244;32.1383
534.38;587.331;32.2106
533.312;587.416;32.2024
532.245;587.498;32.2597
531.173;587.579;32.2283
530.103;587.658;32.2514
529.03;587.734;32.3306
527.957;587.808;32.3505
526.883;587.877;32.3182
525.807;587.94;32.3346
524.732;588.001;32.3487
523.658;588.059;32.3971
522.579;588.115;32.3971
521.502;588.167;32.4725
520.422;588.215;32.4893
519.342;588.257;32.4659
518.261;588.292;32.4659
517.18;588.322;32.4845
516.096;588.348;32.5544
515.014;588.37;32.5752
513.932;588.386;32.5893
512.847;588.396;32.5529
511.763;588.399;32.5607
510.678;588.395;32.5775
509.592;588.387;32.5956
508.506;588.373;32.6697
507.419;588.353;32.6339
506.33;588.328;32.6553
505.243;588.299;32.6956
504.156;588.265;32.6956
503.067;588.228;32.7179
501.978;588.186;32.7403
500.887;588.141;32.7643
499.796;588.093;32.7871
498.705;588.041;32.811
497.613;587.988;32.8896
496.519;587.93;32.8568
495.428;587.87;32.8715
494.335;587.807;32.8981
493.24;587.744;32.9767
492.146;587.678;32.9443
491.049;587.611;33.0214
489.953;587.54;32.9887
488.857;587.465;33.0072
487.758;587.389;33.0316
486.662;587.311;33.0459
485.566;587.231;33.0725
484.466;587.149;33.0952
483.367;587.066;33.1175
482.266;586.98;33.1961
481.165;586.893;33.2172
480.064;586.802;33.1844
478.963;586.707;33.2597
477.859;586.611;33.2742
476.758;586.513;33.2406
475.657;586.413;33.2669
474.552;586.312;33.2893
473.448;586.208;33.3651
472.343;586.102;33.3823
471.238;585.99;33.3488
470.133;585.877;33.3716
469.027;585.762;33.45
467.919;585.645;33.4657
466.813;585.526;33.4324
465.708;585.403;33.5057
464.6;585.275;33.4723
463.493;585.142;33.4843
462.385;585.005;33.5234
461.278;584.866;33.5234
460.17;584.722;33.5437
459.062;584.575;33.6173
457.953;584.422;33.582
456.847;584.265;33.6398
455.742;584.101;33.6571
454.634;583.932;33.6199
453.527;583.759;33.6381
452.42;583.581;33.6571
451.314;583.397;33.6847
450.208;583.206;33.6847
449.104;583.007;33.691
448;582.802;33.7053
446.897;582.592;33.7226
445.794;582.377;33.7945
444.691;582.156;33.8097
443.589;581.929;33.8218
442.489;581.693;33.7911
441.391;581.45;33.7911
440.293;581.201;33.806
439.195;580.946;33.8236
438.098;580.686;33.8415
437.002;580.419;33.9054
435.908;580.144;33.8675
434.816;579.861;33.8731
433.725;579.572;33.8873
432.635;579.276;33.9565
431.547;578.974;33.9284
430.46;578.664;33.9323
429.375;578.345;33.9323
428.294;578.016;33.9662
427.215;577.677;33.9181
426.14;577.328;33.9669
425.068;576.971;33.9147
423.999;576.605;33.9103
422.933;576.227;33.8987
421.872;575.838;33.9128
420.817;575.436;33.824
419.766;575.023;33.8091
418.72;574.599;33.8005
417.678;574.166;33.8005
416.641;573.72;33.8354
415.608;573.26;33.8198
414.581;572.791;33.7591
413.562;572.31;33.8154
412.546;571.818;33.7645
411.537;571.317;33.7669
410.535;570.805;33.7676
409.537;570.281;33.8009
408.546;569.745;33.7819
407.559;569.193;33.7194
406.582;568.632;33.6814
405.619;568.059;33.6458
404.66;567.476;33.5847
403.71;566.883;33.5522
402.768;566.279;33.5522
401.833;565.663;33.5112
400.907;565.031;33.3585
399.992;564.383;33.3585
399.092;563.725;33.3394
398.205;563.055;33.2391
397.328;562.376;33.2184
396.462;561.685;33.1161
395.606;560.984;32.9607
394.763;560.271;32.9607
393.932;559.542;32.8521
393.117;558.796;32.751
392.32;558.042;32.6363
391.544;557.277;32.5023
390.78;556.503;32.4103
390.028;555.72;32.3739
389.288;554.927;32.2468
388.561;554.124;32.1518
387.85;553.307;32.0613
387.154;552.477;32.0288
386.476;551.64;31.9112
385.82;550.797;31.8767
385.177;549.944;31.839
384.546;549.085;31.7972
383.93;548.216;31.7841
383.327;547.34;31.6941
382.741;546.455;31.6332
382.174;545.556;31.5669
381.62;544.653;31.5617
381.088;543.747;31.4815
380.568;542.835;31.4442
380.061;541.917;31.3975
379.569;540.991;31.3434
379.09;540.06;31.2831
378.628;539.122;31.223
378.185;538.177;31.1489
377.76;537.225;31.0021
377.35;536.272;31.0021
376.96;535.317;30.9903
376.581;534.355;30.835
376.216;533.389;30.8839
375.866;532.418;30.8236
375.533;531.444;30.6606
375.217;530.466;30.6606
374.922;529.483;30.5813
374.643;528.499;30.5108
374.383;527.514;30.4555
374.137;526.526;30.4629
373.907;525.535;30.3691
373.692;524.542;30.3158
373.494;523.547;30.2619
373.313;522.551;30.2208
373.147;521.554;30.1954
372.997;520.554;30.1807
372.862;519.553;30.1731
372.741;518.552;30.1678
372.636;517.551;30.156
372.544;516.548;30.156
372.467;515.544;30.1423
372.404;514.54;30.2088
372.353;513.536;30.1549
372.315;512.531;30.1681
372.289;511.525;30.2302
372.278;510.519;30.2257
372.277;509.515;30.1748
372.288;508.51;30.2073
372.307;507.504;30.2073
372.336;506.497;30.232
372.374;505.49;30.2514
372.422;504.484;30.2672
372.483;503.478;30.2795
372.553;502.472;30.3291
372.636;501.468;30.28
372.728;500.465;30.3386
372.833;499.461;30.2855
372.947;498.46;30.2737
373.077;497.461;30.2519
373.219;496.464;30.223
373.375;495.47;30.1895
373.545;494.479;30.2194
373.727;493.489;30.1386
373.922;492.503;30.1074
374.13;491.52;30.1534
374.35;490.539;30.0793
374.582;489.562;30.131
374.827;488.587;30.0706
375.085;487.616;30.1317
375.354;486.648;30.1434
375.634;485.684;30.0985
375.926;484.722;30.1375
376.228;483.763;30.1375
376.54;482.808;30.158
376.863;481.856;30.2356
377.193;480.905;30.2629
377.531;479.957;30.2924
377.877;479.01;30.26
378.229;478.064;30.3413
378.589;477.122;30.3086
378.955;476.18;30.3725
379.325;475.239;30.3725
379.699;474.299;30.4043
380.079;473.359;30.438
380.462;472.42;30.5219
380.851;471.483;30.4921
381.247;470.547;30.5149
381.648;469.611;30.5442
382.053;468.678;30.5882
382.465;467.747;30.6354
382.886;466.818;30.6408
383.313;465.894;30.6596
383.749;464.972;30.6373
384.191;464.051;30.6565
384.639;463.134;30.7166
385.095;462.218;30.7373
385.558;461.305;30.7019
386.026;460.395;30.7246
386.503;459.488;30.7528
386.985;458.582;30.7808
387.473;457.679;30.8408
387.967;456.778;30.8408
388.466;455.879;30.9279
388.969;454.981;30.9033
389.477;454.084;30.9384
389.989;453.188;30.9724
390.503;452.293;31.0413
391.021;451.398;31.0991
391.541;450.502;31.1307
392.063;449.609;31.1681
392.588;448.713;31.1465
393.115;447.818;31.1795
393.646;446.925;31.2093
394.181;446.033;31.2949
394.719;445.141;31.2733
395.259;444.249;31.3643
395.802;443.357;31.3431
396.348;442.465;31.3789
396.897;441.575;31.4107
397.451;440.687;31.4892
398.012;439.8;31.5214
398.575;438.916;31.5566
399.143;438.032;31.5681
399.715;437.149;31.5681
400.293;436.269;31.5953
400.877;435.393;31.6196
401.467;434.519;31.6521
402.064;433.642;31.7378
402.664;432.77;31.7149
403.27;431.902;31.7955
403.882;431.037;31.7719
404.502;430.177;31.8065
405.13;429.323;31.8288
405.764;428.471;31.8288
406.403;427.623;31.857
407.048;426.778;31.928
407.705;425.936;31.8981
408.373;425.098;31.9058
409.044;424.268;31.9151
409.719;423.446;31.9969
410.4;422.626;31.9786
411.088;421.811;32.0279
411.783;421.003;31.9936
412.486;420.2;32.0569
413.195;419.402;32.0222
413.91;418.608;32.0447
414.636;417.814;32.0662
415.366;417.026;32.0845
416.099;416.245;32.1329
416.836;415.469;32.1859
417.578;414.698;32.1536
418.326;413.931;32.1708
419.08;413.17;32.1913
419.841;412.414;32.1913
420.606;411.663;32.207
421.377;410.913;32.2269
422.156;410.164;32.2556
422.937;409.421;32.2556
423.719;408.686;32.2783
424.507;407.954;32.351
425.298;407.226;32.3142
426.093;406.501;32.3353
426.892;405.778;32.413
427.695;405.059;32.3787
428.5;404.342;32.401
429.313;403.624;32.4235
430.126;402.91;32.4409
430.94;402.2;32.5199
431.755;401.491;32.4832
432.573;400.783;32.5032
433.393;400.077;32.573
434.216;399.374;32.5359
435.04;398.672;32.556
435.866;397.97;32.5951
436.695;397.269;32.6513
437.527;396.567;32.6135
438.359;395.868;32.6269
439.19;395.172;32.6456
440.024;394.475;32.6628
440.858;393.779;32.6787
441.693;393.083;32.6954
442.529;392.388;32.7677
443.367;391.693;32.7281
444.205;390.999;32.7594
445.044;390.302;32.7594
445.885;389.605;32.8282
446.725;388.908;32.786
447.563;388.213;32.801
448.402;387.516;32.8695
449.24;386.819;32.8271
450.079;386.12;32.8962
450.917;385.422;32.9082
451.755;384.721;32.8657
452.59;384.017;32.8748
453.423;383.309;32.9352
454.256;382.597;32.9442
455.087;381.884;32.8973
455.913;381.17;32.9047
456.736;380.451;32.9544
457.554;379.726;32.9045
458.369;378.998;32.9088
459.182;378.267;32.9144
459.991;377.531;32.9204
460.796;376.791;32.9227
461.598;376.043;32.9119
462.393;375.291;32.9119
463.179;374.533;32.8998
463.958;373.768;32.8786
464.728;372.996;32.8472
465.49;372.216;32.8725
466.245;371.431;32.8561
466.995;370.639;32.8393
467.736;369.841;32.7696
468.471;369.035;32.8088
469.197;368.219;32.7403
469.912;367.397;32.7719
470.616;366.573;32.7098
471.314;365.741;32.7608
472.008;364.905;32.7023
472.693;364.063;32.7461
473.37;363.214;32.7338
474.039;362.36;32.6745
474.697;361.499;32.6533
475.347;360.625;32.62
475.987;359.748;32.5801
476.614;358.873;32.6369
477.234;357.989;32.6081
477.846;357.102;32.5382
478.446;356.207;32.4706
479.039;355.305;32.4706
479.62;354.398;32.4556
480.188;353.485;32.3673
480.741;352.56;32.3255
481.278;351.628;32.2104
481.799;350.694;32.1878
482.303;349.758;32.0831
482.794;348.815;32.0582
483.276;347.869;31.9457
483.741;346.916;31.8707
484.197;345.957;31.8459
484.64;344.995;31.7375
485.066;344.022;31.6699
485.476;343.047;31.5972
485.866;342.07;31.532
486.236;341.091;31.4711
486.594;340.111;31.45
486.937;339.127;31.3526
487.269;338.14;31.2797
487.586;337.148;31.1992
487.89;336.153;31.1416
488.175;335.155;31.0186
488.444;334.155;30.956
488.694;333.155;30.8287
488.927;332.153;30.7381
489.145;331.153;30.6644
489.348;330.152;30.6182
489.536;329.147;30.3805
489.71;328.142;30.3805
489.866;327.137;30.2682
490.005;326.132;30.1521
490.126;325.13;30.0517
490.229;324.127;29.9465
490.315;323.126;29.8684
490.385;322.127;29.7643
490.472;320.134;29.5596
490.49;318.151;29.3266
490.436;316.18;29.1309
490.314;314.225;28.9464
490.116;312.286;28.8096
489.851;310.366;28.7035
489.515;308.466;28.5935
489.112;306.591;28.4973
488.641;304.74;28.4394
488.106;302.913;28.2679
487.507;301.115;28.2667
486.846;299.344;28.1819
486.122;297.606;28.0606
485.339;295.897;28.0126
484.499;294.218;27.9965
483.609;292.565;28.0275
482.666;290.941;28.0817
481.677;289.345;28.1145
480.646;287.771;28.1904
479.575;286.222;28.2531
478.463;284.699;28.3362
477.311;283.204;28.386
476.125;281.732;28.3666
474.897;280.29;28.3826
473.63;278.883;28.4411
472.324;277.506;28.4122
470.987;276.158;28.4594
469.614;274.84;28.555
468.205;273.56;28.5353
466.765;272.31;28.5891
465.295;271.089;28.6997
463.795;269.903;28.6906
462.262;268.755;28.7025
460.697;267.652;28.6923
459.105;266.588;28.6973
457.484;265.567;28.7329
455.831;264.596;28.729
454.148;263.672;28.7072
452.44;262.794;28.7701
450.711;261.961;28.7566
448.958;261.175;28.8224
447.179;260.43;28.8782
445.379;259.735;28.9459
443.562;259.088;28.9277
441.731;258.48;28.9846
439.88;257.91;29.0333
438.005;257.399;29.0385
436.118;256.95;29.0154
434.223;256.557;29.0385
432.319;256.215;28.9831
430.402;255.928;28.9395
428.471;255.723;28.838
426.544;255.595;28.8339
424.616;255.525;28.7581
422.692;255.514;28.7507
420.764;255.561;28.7697
418.83;255.681;28.8344
416.911;255.871;28.8335
414.998;256.114;28.8809
413.094;256.405;28.9198
411.195;256.75;28.9399
409.298;257.165;28.9426
407.419;257.633;28.995
405.549;258.149;29.0911
403.694;258.713;29.0817
401.848;259.32;29.2083
400.004;259.981;29.2113
398.186;260.695;29.2705
396.389;261.459;29.2746
394.613;262.272;29.2819
392.86;263.132;29.2784
391.13;264.054;29.2287
389.439;265.035;29.1555
387.788;266.074;29.1065
386.175;267.166;29.0475
384.603;268.311;29.0379
383.067;269.509;28.979
381.573;270.758;28.9904
380.129;272.058;29.0177
378.728;273.402;29.0453
377.361;274.785;29.1649
376.028;276.204;29.1901
374.719;277.66;29.2846
373.443;279.146;29.4398
372.188;280.657;29.4818
370.95;282.19;29.5857
369.724;283.742;29.6905
368.516;285.316;29.7794
367.329;286.912;29.9241
366.154;288.525;29.9572
365.002;290.16;30.0336
364.434;290.986;30.0775
363.869;291.817;30.1235
363.309;292.652;30.17
362.753;293.494;30.2128
362.205;294.342;30.2827
361.664;295.195;30.2827
361.129;296.05;30.3267
360.596;296.911;30.3724
360.068;297.776;30.4181
359.543;298.645;30.5207
359.022;299.519;30.5118
358.504;300.396;30.6163
357.99;301.277;30.6088
357.479;302.162;30.6581
356.97;303.052;30.753
356.464;303.944;30.753
355.961;304.838;30.8033
355.459;305.734;30.852
354.958;306.633;30.9023
354.457;307.535;30.9512
353.956;308.438;31.0003
353.456;309.344;31.0496
352.955;310.251;31.0985
352.455;311.16;31.2025
351.954;312.072;31.1959
351.453;312.986;31.2427
350.952;313.901;31.288
350.452;314.815;31.3356
349.951;315.733;31.4382
349.448;316.652;31.4314
348.945;317.572;31.5268
348.44;318.493;31.5268
347.935;319.416;31.5742
347.428;320.34;31.6216
346.923;321.265;31.6673
346.415;322.195;31.7167
345.908;323.123;31.7565
345.401;324.053;31.8592
344.892;324.984;31.9059
344.382;325.917;31.8988
343.871;326.85;31.9458
343.359;327.785;31.9926
342.846;328.722;32.0393
342.333;329.659;32.1354
341.82;330.597;32.1287
341.306;331.538;32.1779
340.791;332.483;32.2685
340.275;333.427;32.3233
339.758;334.372;32.3616
339.241;335.318;32.3616
338.722;336.265;32.4073
338.202;337.213;32.4532
337.682;338.163;32.499
337.163;339.112;32.5393
336.644;340.063;32.6346
336.122;341.019;32.6346
335.598;341.978;32.6799
335.074;342.935;32.7231
334.549;343.892;32.7691
334.023;344.851;32.8677
333.496;345.811;32.859
332.968;346.772;32.904
332.442;347.733;32.9427
331.915;348.695;33.0422
331.388;349.659;33.0356
330.856;350.63;33.082
330.322;351.601;33.1218
329.786;352.568;33.1618
329.245;353.533;33.2003
328.699;354.496;33.2837
328.148;355.459;33.27
327.596;356.421;33.3427
327.039;357.381;33.3427
326.477;358.339;33.3748
325.907;359.295;33.4153
325.323;360.252;33.4153
324.734;361.202;33.4299
324.14;362.145;33.5132
323.538;363.087;33.4853
322.927;364.023;33.5027
322.306;364.953;33.5153
321.679;365.877;33.5203
321.041;366.793;33.5216
320.396;367.706;33.5269
319.736;368.618;33.546
319.067;369.525;33.546
318.39;370.418;33.6054
317.702;371.303;33.5681
317.004;372.18;33.5712
316.295;373.048;33.6014
315.576;373.908;33.5579
314.847;374.758;33.5801
314.109;375.6;33.5308
313.359;376.435;33.5236
312.593;377.261;33.5014
311.82;378.074;33.4735
311.035;378.87;33.4475
310.24;379.656;33.4044
309.435;380.429;33.3578
308.619;381.19;33.3043
307.794;381.938;33.1888
306.959;382.672;33.1888
306.114;383.394;33.1187
305.254;384.1;33.0861
304.386;384.793;32.9747
303.51;385.469;32.9374
302.626;386.133;32.9582
301.733;386.783;32.8796
300.832;387.423;32.8542
299.923;388.047;32.8472
299.005;388.66;32.8415
298.081;389.26;32.8372
297.147;389.845;32.8807
296.205;390.416;32.8317
295.258;390.974;32.8249
294.302;391.516;32.8148
293.338;392.043;32.7947
292.368;392.557;32.7859
291.392;393.058;32.8375
290.409;393.545;32.7908
289.419;394.018;32.7843
288.423;394.478;32.7911
287.421;394.926;32.8157
286.413;395.364;32.8963
285.4;395.79;32.9262
284.381;396.203;32.9003
283.357;396.605;32.9974
282.328;396.997;32.9802
281.294;397.379;33.0267
280.255;397.752;33.0745
279.212;398.117;33.125
278.164;398.473;33.2312
277.113;398.823;33.2312
276.058;399.167;33.2854
275;399.505;33.4024
273.938;399.838;33.3964
272.874;400.168;33.4513
271.806;400.494;33.5073
270.735;400.817;33.5625
269.663;401.139;33.6155
268.588;401.458;33.6714
267.511;401.777;33.7784
266.432;402.094;33.7784
265.35;402.411;33.8324
264.267;402.727;33.8852
263.181;403.042;33.9906
262.093;403.354;34.0431
261.003;403.666;34.0378
259.911;403.978;34.0892
258.818;404.289;34.141
257.722;404.599;34.192
256.624;404.908;34.2988
255.524;405.217;34.2938
254.423;405.525;34.3442
253.319;405.832;34.3943
252.214;406.139;34.4946
251.106;406.445;34.4946
249.997;406.751;34.5443
248.886;407.056;34.6485
247.773;407.362;34.6437
246.659;407.667;34.693
245.543;407.972;34.7426
244.425;408.277;34.7917
243.306;408.583;34.8406
242.185;408.888;34.8898
241.062;409.194;34.9388
239.938;409.5;34.9868
238.812;409.806;35.0365
237.684;410.112;35.0846
236.555;410.419;35.133
235.424;410.726;35.1818
234.292;411.033;35.23
233.158;411.341;35.3267
232.023;411.649;35.3267
230.885;411.957;35.3751
229.747;412.266;35.4758
228.607;412.575;35.4715
227.465;412.885;35.5191
226.322;413.194;35.6196
225.177;413.504;35.6152
224.031;413.815;35.6628
222.883;414.126;35.7108
221.733;414.437;35.759
220.583;414.749;35.8587
219.43;415.061;35.8543
218.276;415.373;35.9492
217.12;415.686;36.0016
215.963;415.999;35.9973
214.804;416.312;36.0448
213.644;416.626;36.14
212.483;416.94;36.14
211.319;417.255;36.1878
210.154;417.57;36.287
208.988;417.885;36.3301
207.82;418.201;36.3301
206.651;418.517;36.4292
205.48;418.833;36.4754
204.307;419.149;36.5195
203.132;419.461;36.5607
201.954;419.77;36.5561
200.775;420.078;36.601
199.594;420.384;36.6478
198.41;420.688;36.6932
197.224;420.99;36.7382
196.036;421.289;36.8352
194.846;421.585;36.8296
193.654;421.879;36.8757
192.459;422.17;36.9221
191.262;422.458;36.9687
190.063;422.744;37.015
188.862;423.028;37.0626
187.659;423.311;37.161
186.454;423.591;37.1567
185.247;423.871;37.2512
184.038;424.148;37.3029
182.827;424.425;37.3504
181.615;424.701;37.3462
180.401;424.977;37.4451
179.185;425.251;37.441
177.966;425.524;37.5341
176.746;425.794;37.5297
175.524;426.063;37.5772
174.301;426.332;37.6239
173.075;426.599;37.7225
171.848;426.865;37.7179
170.619;427.13;37.7643
169.388;427.394;37.8628
168.154;427.656;37.8585
166.92;427.917;37.9567
165.683;428.177;37.9524
164.445;428.437;37.9992
163.205;428.695;38.0976
161.963;428.953;38.1443
160.719;429.21;38.14
159.474;429.465;38.1857
158.226;429.717;38.2283
156.977;429.969;38.3265
155.726;430.22;38.3679
154.473;430.469;38.4191
153.218;430.717;38.4144
151.961;430.964;38.5116
150.703;431.209;38.5071
149.443;431.453;38.5538
148.18;431.696;38.6511
146.917;431.937;38.6467
145.651;432.176;38.7381
144.383;432.411;38.733
143.113;432.642;38.7706
141.84;432.869;38.858
140.566;433.095;38.858
139.29;433.317;38.9451
138.012;433.536;38.9451
136.732;433.752;39.0396
135.449;433.964;39.0334
134.165;434.172;39.0779
132.878;434.376;39.1649
131.59;434.574;39.1575
130.299;434.768;39.2463
129.006;434.96;39.2463
127.711;435.148;39.3415
126.414;435.333;39.3356
125.116;435.514;39.3807
123.815;435.692;39.4261
122.512;435.867;39.5224
121.208;436.039;39.5175
119.902;436.209;39.564
118.593;436.377;39.61
117.284;436.542;39.6563
115.972;436.706;39.7492
114.659;436.868;39.8002
113.343;437.029;39.8466
112.027;437.188;39.842
110.708;437.347;39.8881
109.388;437.505;39.9348
108.066;437.662;39.9808
106.743;437.818;40.027
105.418;437.974;40.1241
104.091;438.13;40.1194
102.763;438.284;40.1641
101.433;438.435;40.2062
100.102;438.581;40.2442
98.7678;438.722;40.2767
97.4325;438.857;40.3138
96.0952;438.99;40.4037
94.7562;439.119;40.3909
93.4152;439.242;40.4287
92.0725;439.36;40.5055
90.7283;439.472;40.5554
89.3819;439.579;40.5949
88.0337;439.68;40.6275
86.684;439.775;40.6275
85.3324;439.865;40.6698
83.9793;439.949;40.7089
82.6247;440.026;40.7436
81.2687;440.095;40.7726
79.9116;440.154;40.7941
78.5527;440.207;40.8733
77.1924;440.253;40.8553
75.8307;440.293;40.9225
74.4675;440.325;40.9225
73.103;440.35;40.9577
71.7372;440.368;40.9943
70.3698;440.378;41.0325
69.0016;440.382;41.0714
67.6323;440.377;41.1078
66.2619;440.364;41.19
64.8904;440.344;41.1787
63.5175;440.318;41.219
62.1434;440.286;41.26
60.7683;440.249;41.3451
59.3915;440.205;41.3451
58.0148;440.155;41.3842
56.6364;440.097;41.4196
55.2579;440.031;41.486
53.8788;439.956;41.5029
52.4997;439.87;41.4812
51.1204;439.775;41.4966
49.7398;439.671;41.5162
48.3604;439.558;41.5264
46.982;439.432;41.5294
45.6026;439.296;41.5363
44.224;439.15;41.5478
42.8454;438.993;41.5612
41.4678;438.824;41.5968
40.0911;438.644;41.5968
38.7143;438.452;41.6195
37.3406;438.251;41.6459
35.9655;438.039;41.7234
34.5924;437.816;41.7567
33.2194;437.583;41.7412
31.8473;437.341;41.8278
30.4761;437.089;41.8687
29.104;436.828;41.8575
27.735;436.561;41.8964
26.3647;436.286;41.986
24.9948;436.004;41.986
23.6246;435.715;42.0315
22.254;435.42;42.0774
20.8834;435.121;42.123
19.5111;434.816;42.1701
18.1402;434.508;42.2132
16.7688;434.197;42.2614
15.3951;433.882;42.3078
14.0217;433.564;42.3991
12.6474;433.24;42.3913
11.2736;432.91;42.4261
9.8992;432.572;42.4552
8.52708;432.231;42.4855
7.15491;431.884;42.5254
5.78061;431.533;42.561
4.40803;431.175;42.592
3.03603;430.808;42.6175
1.66586;430.431;42.6344
0.298864;430.043;42.6417
-1.0676;429.645;42.6539
-2.43187;429.239;42.6703
-3.79298;428.823;42.6921
-5.15125;428.397;42.6911
-6.50642;427.96;42.6911
-7.85773;427.509;42.6784
-9.20469;427.045;42.6732
-10.546;426.562;42.6004
-11.8791;426.068;42.5601
-13.2089;425.561;42.5187
-14.5317;425.04;42.4677
-15.8477;424.503;42.4026
-17.1556;423.952;42.3248
-18.4551;423.383;42.0943
-19.746;422.794;42.0943
-21.0234;422.192;41.9995
-22.2904;421.571;41.8398
-23.5472;420.936;41.7075
-24.7941;420.286;41.5801
-26.0312;419.622;41.3473
-27.2584;418.938;41.3914
-28.4732;418.235;41.2142
-29.6698;417.519;41.1322
-30.8557;416.788;41.051
-32.0308;416.043;40.965
-33.1927;415.283;40.8804
-34.3409;414.508;40.7968
-35.4751;413.718;40.5865
-36.5954;412.908;40.6076
-37.6983;412.082;40.4522
-38.7786;411.244;40.3662
-39.8479;410.395;40.3085
-40.9005;409.528;40.2013
-41.9393;408.648;40.0957
-42.9655;407.757;39.9642
-43.9688;406.843;39.7915
-44.9535;405.923;39.6683
-45.9124;404.987;39.3982
-46.8571;404.04;39.3982
-47.7844;403.083;39.2923
-48.695;402.115;39.1614
-49.5883;401.136;38.7965
-50.4612;400.135;38.5337
-51.3078;399.118;38.3664
-52.1247;398.103;38.3781
-52.9211;397.079;38.1796
-53.7033;396.045;37.9747
-54.465;395.003;37.7807
-55.208;393.953;37.5725
-55.9242;392.88;37.2986
-56.6174;391.805;37.1018
-57.2791;390.734;36.9548
-57.9258;389.655;36.8611
-58.556;388.569;36.7759
-59.1688;387.476;36.6982
-59.7626;386.379;36.6785
-60.3316;385.266;36.4513
-60.8831;384.151;36.4513
-61.406;383.038;36.3849
-61.9161;381.918;36.3849
-62.4083;380.796;36.3715
-62.8844;379.67;36.2849
-63.3422;378.542;36.2849
-63.7852;377.412;36.2598
-64.2116;376.272;36.1901
-64.6238;375.132;36.1282
-65.0143;373.995;36.0553
-65.3914;372.854;35.872
-65.7528;371.714;35.85
-66.1001;370.573;35.7809
-66.4349;369.431;35.6945
-66.7577;368.287;35.6289
-67.0684;367.142;35.5646
-67.3666;365.996;35.4681
-67.6541;364.85;35.4681
-67.9327;363.703;35.4195
-68.2043;362.556;35.4195
-68.471;361.408;35.4332
-68.7354;360.26;35.4068
-69;359.113;35.4008
-69.2674;357.968;35.3895
-69.5406;356.824;35.3664
-69.8207;355.683;35.3464
-70.1118;354.546;35.2915
-70.4112;353.413;35.216
-70.7247;352.285;34.9953
-71.049;351.162;34.9953
-71.3858;350.045;34.8824
-71.736;348.934;34.7649
-72.097;347.829;34.6611
-72.4755;346.732;34.4942
-72.866;345.643;34.3415
-73.272;344.564;34.0356
-73.6935;343.492;34.0356
-74.1265;342.429;33.8925
-74.5777;341.378;33.7422
-75.0409;340.335;33.5861
-75.5202;339.304;33.2988
-76.0155;338.283;33.3357
-76.5216;337.273;33.0663
-77.0458;336.275;33.0663
-77.5826;335.286;32.8691
-78.1323;334.311;32.8691
-78.6995;333.347;32.784
-79.278;332.392;32.7004
-79.8708;331.453;32.6535
-80.479;330.524;32.6066
-81.0984;329.606;32.5654
-81.7303;328.702;32.6026
-82.3769;327.808;32.5831
-83.0353;326.925;32.5223
-83.7057;326.055;32.5298
-84.3902;325.196;32.5484
-85.0861;324.348;32.5649
-85.7945;323.511;32.5928
-86.5147;322.685;32.6265
-87.2458;321.87;32.6653
-87.9874;321.063;32.7082
-88.7386;320.266;32.754
-89.4989;319.476;32.852
-90.2677;318.693;32.902
-91.0438;317.915;32.902
-91.8264;317.143;32.9528
-92.6149;316.375;33.0037
-93.4083;315.61;33.1203
-94.2061;314.847;33.1047
-95.0076;314.086;33.1545
-95.8122;313.325;33.2037
-96.6197;312.566;33.2522
-97.4294;311.806;33.2998
-98.241;311.046;33.3926
-99.0541;310.286;33.3926
-99.8688;309.525;33.438
-100.685;308.764;33.4826
-101.502;308.002;33.5267
-102.32;307.238;33.5703
-103.139;306.474;33.6132
-103.96;305.709;33.6939
-104.784;304.946;33.6939
-105.612;304.185;33.7289
-106.441;303.424;33.7695
-107.273;302.663;33.8091
-108.108;301.904;33.846
-108.947;301.148;33.8785
-109.788;300.393;33.9159
-110.633;299.64;33.9525
-111.482;298.888;34.0449
-112.333;298.138;34.0619
-113.188;297.391;34.0986
-114.046;296.645;34.0986
-114.906;295.9;34.1352
-115.77;295.157;34.2253
-116.637;294.416;34.2063
-117.507;293.679;34.2371
-118.383;292.945;34.2635
-119.265;292.217;34.284
-120.151;291.495;34.2961
-121.043;290.779;34.3148
-121.94;290.066;34.359
-122.841;289.358;34.359
-123.747;288.655;34.4357
-124.659;287.957;34.4059
-125.577;287.265;34.4318
-126.499;286.578;34.4574
-127.426;285.898;34.517
-128.358;285.222;34.5705
-129.295;284.551;34.548
-130.236;283.884;34.6136
-131.18;283.221;34.6136
-132.129;282.561;34.6476
-133.082;281.905;34.6819
-134.038;281.252;34.7168
-134.996;280.601;34.7505
-135.957;279.952;34.7864
-136.921;279.305;34.8214
-137.886;278.659;34.8563
-138.854;278.014;34.8915
-139.824;277.37;34.9612
-140.796;276.726;35.0161
-141.769;276.083;35.0503
-142.744;275.44;35.0304
-143.72;274.798;35.0655
-144.697;274.154;35.0998
-145.676;273.511;35.1341
-146.655;272.868;35.1684
-147.636;272.224;35.2025
-148.618;271.579;35.2367
-149.601;270.935;35.2706
-150.585;270.289;35.3047
-151.57;269.643;35.3386
-152.556;268.997;35.3723
-153.542;268.35;35.4064
-154.53;267.702;35.4402
-155.519;267.054;35.4738
-156.509;266.404;35.5079
-157.499;265.755;35.5415
-158.49;265.104;35.5752
-159.483;264.453;35.6091
-160.476;263.802;35.6426
-161.47;263.15;35.6765
-162.466;262.497;35.7102
-163.461;261.843;35.7438
-164.458;261.189;35.7777
-165.456;260.534;35.8113
-166.455;259.879;35.8981
-167.455;259.222;35.9316
-168.456;258.566;35.9124
-169.457;257.908;35.9992
-170.46;257.25;35.9801
-171.463;256.591;36.0136
-172.468;255.932;36.0477
-173.473;255.272;36.0814
-174.479;254.612;36.115
-175.486;253.95;36.2017
-176.495;253.288;36.1828
-177.504;252.626;36.2165
-178.514;251.963;36.2504
-179.525;251.299;36.2841
-180.536;250.635;36.3179
-181.549;249.97;36.4043
-182.563;249.304;36.3855
-183.578;248.638;36.4193
-184.593;247.971;36.5057
-185.61;247.304;36.4869
-186.627;246.636;36.5207
-187.646;245.967;36.5546
-188.665;245.297;36.5884
-189.686;244.627;36.622
-190.707;243.957;36.6561
-191.729;243.285;36.6898
-192.752;242.614;36.7235
-193.777;241.941;36.8086
-194.801;241.267;36.79
-195.824;240.589;36.8658
-196.846;239.908;36.8467
-197.865;239.221;36.8676
-198.88;238.528;36.8801
-199.89;237.826;36.8806
-200.894;237.116;36.9114
-201.892;236.397;36.8596
-202.884;235.669;36.8473
-203.872;234.934;36.8384
-204.853;234.19;36.8793
-205.826;233.436;36.8719
-206.793;232.673;36.8185
-207.752;231.901;36.8188
-208.704;231.119;36.8233
-209.647;230.328;36.8322
-210.584;229.528;36.8955
-211.513;228.719;36.862
-212.436;227.902;36.8823
-213.351;227.076;36.9058
-214.26;226.243;36.9843
-215.164;225.403;36.9606
-216.062;224.556;36.991
-216.955;223.702;37.0768
-217.843;222.843;37.0564
-218.728;221.978;37.0907
-219.608;221.108;37.1257
-220.486;220.233;37.1613
-221.362;219.355;37.1972
-222.235;218.472;37.2333
-223.106;217.587;37.2696
-223.975;216.697;37.3029
-224.841;215.803;37.3793
-225.703;214.905;37.358
-226.56;214;37.3776
-227.411;213.09;37.3889
-228.257;212.173;37.459
-229.099;211.252;37.4247
-229.937;210.326;37.4985
-230.77;209.394;37.4648
-231.598;208.456;37.4856
-232.42;207.512;37.508
-233.237;206.563;37.532
-234.048;205.607;37.5577
-234.853;204.646;37.585
-235.653;203.68;37.6091
-236.446;202.707;37.6715
-237.231;201.727;37.6425
-238.009;200.741;37.649
-238.777;199.748;37.6462
-239.536;198.748;37.6316
-240.284;197.739;37.6084
-241.02;196.724;37.5745
-241.745;195.7;37.5407
-242.46;194.669;37.5094
-243.166;193.632;37.4853
-243.86;192.587;37.4631
-244.542;191.534;37.4956
-245.213;190.475;37.4821
-245.872;189.408;37.474
-246.518;188.334;37.4207
-247.153;187.254;37.4236
-247.776;186.167;37.4317
-248.388;185.073;37.4447
-248.989;183.974;37.5146
-249.58;182.868;37.4837
-250.159;181.757;37.5485
-250.727;180.64;37.5176
-251.284;179.517;37.5266
-251.829;178.389;37.5285
-252.362;177.255;37.5044
-252.882;176.116;37.5044
-253.388;174.972;37.4807
-253.883;173.822;37.4615
-254.366;172.667;37.4482
-254.838;171.508;37.4442
-255.3;170.343;37.4427
-255.749;169.174;37.4451
-256.187;168.001;37.4517
-256.613;166.822;37.4626
-257.028;165.64;37.4777
-257.431;164.453;37.4967
-257.824;163.262;37.5194
-258.205;162.068;37.5394
-258.575;160.869;37.5987
-258.933;159.667;37.5648
-259.278;158.462;37.5671
-259.611;157.253;37.5605
-259.93;156.041;37.543
-260.235;154.825;37.5186
-260.526;153.607;37.4856
-260.804;152.386;37.4553
-261.068;151.163;37.4859
-261.32;149.936;37.4138
-261.559;148.707;37.4004
-261.785;147.475;37.3915
-261.997;146.241;37.3875
-262.196;145.005;37.3887
-262.381;143.767;37.3952
-262.553;142.527;37.4066
-262.712;141.285;37.4228
-262.859;140.041;37.4431
-262.994;138.796;37.4673
-263.117;137.55;37.4889
-263.228;136.302;37.5061
-263.326;135.053;37.5174
-263.411;133.803;37.5214
-263.483;132.553;37.5167
-263.541;131.302;37.5013
-263.585;130.052;37.4794
-263.614;128.801;37.4492
-263.628;127.551;37.4094
-263.628;126.301;37.3717
-263.614;125.051;37.3387
-263.587;123.802;37.315
-263.546;122.553;37.2946
-263.491;121.304;37.2789
-263.421;120.057;37.2688
-263.337;118.811;37.2644
-263.238;117.566;37.2659
-263.126;116.323;37.2731
-263;115.081;37.3397
-262.861;113.841;37.3029
-262.709;112.601;37.3247
-262.545;111.363;37.3503
-262.37;110.127;37.3793
-262.184;108.891;37.4675
-261.988;107.656;37.4449
-261.782;106.422;37.4806
-261.568;105.188;37.5719
-261.346;103.956;37.602
-261.114;102.724;37.5792
-260.872;101.493;37.6019
-260.621;100.264;37.657
-260.359;99.0374;37.625
-260.086;97.8129;37.6215
-259.8;96.5912;37.6102
-259.502;95.3728;37.5884
-259.19;94.1581;37.5542
-258.864;92.9479;37.5061
-258.523;91.742;37.4561
-258.169;90.5403;37.4077
-257.802;89.3425;37.3667
-257.422;88.1496;37.328
-257.027;86.9619;37.346
-256.617;85.7797;37.2652
-256.194;84.6033;37.295
-255.756;83.4328;37.2278
-255.304;82.2683;37.2193
-254.839;81.1099;37.2223
-254.36;79.9574;37.275
-253.868;78.8107;37.2862
-253.363;77.6698;37.249
-252.847;76.5344;37.2699
-252.318;75.4042;37.295
-251.779;74.2789;37.3237
-251.229;73.1583;37.3554
-250.67;72.0419;37.4201
-250.1;70.9299;37.4201
-249.521;69.8226;37.4457
-248.932;68.7201;37.4653
-248.333;67.6228;37.4778
-247.723;66.5312;37.531
-247.104;65.4442;37.4938
-246.477;64.3608;37.5128
-245.842;63.2808;37.5935
-245.199;62.2046;37.5598
-244.547;61.1331;37.5804
-243.886;60.067;37.5961
-243.214;59.0068;37.6052
-242.532;57.9533;37.6061
-241.839;56.9071;37.5968
-241.135;55.869;37.5753
-240.42;54.8383;37.6077
-239.694;53.8143;37.5451
-238.96;52.7964;37.5961
-238.216;51.7854;37.5934
-237.461;50.7817;37.5403
-236.697;49.7853;37.5957
-235.922;48.7972;37.5493
-235.136;47.8179;37.549
-234.34;46.8478;37.5429
-233.532;45.8875;37.5294
-232.714;44.9374;37.5505
-231.885;43.9965;37.4919
-231.047;43.0639;37.4868
-230.2;42.1393;37.4891
-229.344;41.2229;37.5499
-228.478;40.315;37.5061
-227.603;39.4155;37.5756
-226.72;38.5242;37.54
-225.828;37.6416;37.5567
-224.926;36.7681;37.5692
-224.016;35.9041;37.6154
-223.097;35.0501;37.5751
-222.168;34.2064;37.5654
-221.232;33.3719;37.5634
-220.287;32.5453;37.5833
-219.335;31.7264;37.6393
-218.376;30.9154;37.5989
-217.409;30.1125;37.6177
-216.435;29.3175;37.6395
-215.453;28.5313;37.6586
-214.464;27.7542;37.6733
-213.467;26.9868;37.722
-212.463;26.2296;37.6827
-211.451;25.4833;37.6742
-210.43;24.7486;37.6959
-209.403;24.0245;37.6393
-208.368;23.3102;37.6303
-207.326;22.6047;37.6303
-206.278;21.9087;37.6325
-205.223;21.2228;37.6382
-204.161;20.5469;37.6983
-203.092;19.882;37.6553
-202.016;19.2287;37.7013
-200.933;18.5873;37.6564
-199.844;17.9585;37.6804
-198.747;17.3428;37.6271
-197.644;16.7407;37.6265
-196.535;16.1526;37.5891
-195.419;15.5788;37.5137
-194.297;15.0187;37.4717
-193.168;14.4716;37.4361
-192.035;13.9367;37.4114
-190.895;13.4149;37.391
-189.749;12.9066;37.4254
-188.598;12.4126;37.3606
-187.442;11.9336;37.3425
-186.28;11.4698;37.3198
-185.114;11.0218;37.2908
-183.943;10.5898;37.2073
-182.767;10.1743;37.2073
-181.587;9.77441;37.1677
-180.403;9.38906;37.1379
-179.215;9.01734;37.1219
-178.023;8.65969;37.1119
-176.827;8.31625;37.1629
-175.627;7.98691;37.111
-174.424;7.67227;37.1133
-173.218;7.37258;37.1558
-172.009;7.08805;37.1468
-170.797;6.81891;37.0964
-169.582;6.56535;37.0769
-168.366;6.32781;37.0477
-167.147;6.10516;37.0257
-165.926;5.89629;37.013
-164.703;5.7;37.07
-163.477;5.51676;37.0174
-162.25;5.34668;37.0412
-161.02;5.18961;37.098
-159.789;5.0452;37.0601
-158.556;4.91313;37.0833
-157.321;4.79277;37.1102
-156.085;4.68363;37.1403
-154.848;4.58508;37.2313
-153.609;4.49633;37.2081
-152.368;4.41676;37.2449
-151.126;4.34551;37.3421
-149.883;4.28188;37.3814
-148.638;4.225;37.362
-147.391;4.17418;37.4022
-146.144;4.12867;37.4426
-144.895;4.08773;37.4831
-143.644;4.05082;37.5828
-142.392;4.01727;37.6228
-141.139;3.98656;37.6037
-139.885;3.95816;37.6434
-138.629;3.93176;37.6826
-137.372;3.90691;37.7794
-136.113;3.88328;37.76
-134.853;3.86066;37.7982
-133.592;3.83883;37.8359
-132.33;3.81758;37.8734
-131.067;3.79672;37.9104
-129.802;3.77621;37.9472
-128.536;3.75586;37.9836
-127.269;3.73563;38.0557
-126;3.71543;38.0557
-124.731;3.69527;38.0913
-123.46;3.67504;38.1814
-122.188;3.65477;38.2164
-120.915;3.63441;38.1968
-119.641;3.61398;38.2315
-118.366;3.59344;38.3004
-117.089;3.57281;38.3004
-115.812;3.55207;38.3346
-114.533;3.53125;38.3686
-113.253;3.51031;38.456
-111.972;3.48937;38.4363
-110.69;3.46828;38.4698
-109.407;3.44719;38.5033
-108.122;3.42598;38.5366
-106.837;3.40473;38.5699
-105.55;3.38348;38.6558
-104.262;3.36211;38.636
-102.974;3.34074;38.7216
-101.684;3.31934;38.7344
-100.393;3.29789;38.7344
-99.1008;3.27645;38.7995
-97.8077;3.25496;38.7995
-96.5135;3.23348;38.8319
-95.2182;3.21195;38.8643
-93.9218;3.19047;38.9288
-92.6244;3.16891;38.9288
-91.3258;3.14734;38.961
-90.0263;3.12578;38.9931
-88.7256;3.10422;39.0251
-87.4239;3.0827;39.0571
-86.1211;3.06113;39.089
-84.8173;3.03953;39.1728
-83.5124;3.01793;39.1526
-82.2065;2.99633;39.1844
-80.8994;2.97473;39.216
-79.5914;2.95316;39.2995
-78.2823;2.93156;39.2793
-76.9721;2.90996;39.3108
-75.6609;2.88836;39.3423
-74.3486;2.86676;39.4255
-73.0353;2.84516;39.4569
-71.7209;2.82355;39.4365
-70.4055;2.80191;39.4678
-69.0891;2.78027;39.4991
-67.7716;2.75863;39.5303
-66.453;2.73699;39.5615
-65.1335;2.71535;39.5926
-63.8129;2.69371;39.6754
-62.4912;2.67207;39.7064
-61.1686;2.65043;39.6858
-59.8449;2.62883;39.7169
-58.5201;2.60719;39.7994
-57.1944;2.58555;39.7787
-55.8675;2.56387;39.8096
-54.5397;2.54219;39.892
-53.2109;2.52051;39.9228
-51.881;2.49883;39.9021
-50.5501;2.47715;39.9328
-49.2181;2.45547;39.9636
-47.8852;2.43379;40.0457
-46.5512;2.41211;40.0249
-45.2162;2.39043;40.0555
-43.8802;2.36875;40.0861
-42.5432;2.34703;40.1167
-41.2051;2.32531;40.1472
-39.8661;2.30359;40.1777
-38.526;2.28187;40.2081
-37.1849;2.26016;40.2899
-35.8428;2.23844;40.269
-34.4996;2.21672;40.2993
-33.1555;2.195;40.381
-31.8103;2.17328;40.4112
-30.4642;2.15156;40.3902
-29.117;2.12984;40.4717
-27.7689;2.10809;40.4507
-26.4197;2.08633;40.4809
-25.0695;2.06457;40.511
-23.7183;2.04281;40.5411
-22.3661;2.02105;40.5712
-21.0129;1.99934;40.6013
-19.6588;1.97758;40.6825
-18.3036;1.95582;40.6613
-16.9474;1.93406;40.7212
-15.5902;1.9123;40.7212
-14.232;1.89055;40.7511
-12.8728;1.86879;40.781
-11.5126;1.84703;40.862
-10.1515;1.82523;40.8407
-8.78931;1.80344;40.9002
-7.42616;1.78164;40.9002
-6.06201;1.75984;40.9299
-4.69687;1.73805;40.9596
-3.33075;1.71625;40.9893
-1.96363;1.69445;41.019
