1.05543;7.8125e-05;2.44545
2.16407;7.8125e-05;3.49893
3.20568;0.000195312;4.31332
4.23927;0.00046875;4.44974
5.36663;0.000742187;5.20605
6.47158;0.00101562;6.07025
7.52882;0.00132813;6.66127
8.68705;0.00171875;7.13465
9.6912;0.00203125;7.60641
10.7593;0.00246094;8.0711
11.8889;0.00292969;8.53991
13.0771;0.00347656;8.98454
14.3225;0.00414062;9.41846
15.6234;0.00476563;9.84044
16.6382;0.00535156;10.2746
17.6759;0.0059375;10.6665
18.7497;0.0065625;10.845
19.8462;0.00726563;11.2465
20.9774;0.00796875;11.4294
22.131;0.00875;11.8014
23.3183;0.00957031;11.9893
24.5278;0.0103906;12.3553
25.7699;0.0113281;12.5297
27.0342;0.0123047;12.7163
28.33;0.0133594;13.0644
29.6482;0.0144141;13.2557
30.9856;0.0155078;13.4058
32.3144;0.0166797;13.4382
33.6674;0.0178516;13.635
35.0453;0.0190234;13.8589
36.455;0.0203125;14.1995
37.8887;0.0216016;14.5616
39.3518;0.0230078;14.7268
40.8378;0.0244141;14.9356
41.8432;0.0254297;15.103
42.8596;0.0264844;15.2678
43.8868;0.0275391;15.43
44.9246;0.0286328;15.59
45.9728;0.0297266;15.7479
47.0313;0.0308594;15.904
48.1001;0.0320312;16.0583
49.179;0.0332031;16.3138
50.268;0.0344531;16.3623
51.3668;0.0357031;16.6092
52.4756;0.0369922;16.6609
53.5941;0.0383203;16.8085
54.7223;0.0396484;16.955
55.8602;0.0410156;17.1005
57.0077;0.0424219;17.2451
58.1648;0.0438281;17.4732
59.3313;0.0453125;17.5318
60.5073;0.0468359;17.7475
61.6928;0.0483594;17.8154
62.8875;0.0499219;18.0362
64.0917;0.0514844;18.0964
65.3051;0.053125;18.3148
66.5278;0.0547656;18.375
67.7597;0.0564453;18.5916
69.0009;0.0581641;18.7294
70.2512;0.0599219;18.8579
71.5107;0.0617187;18.9264
72.7792;0.0635156;19.0631
74.0569;0.0653906;19.2765
75.3437;0.0672656;19.3354
76.6395;0.0692187;19.5387
77.9443;0.0711719;19.683
79.2581;0.0732031;19.7412
80.5809;0.0752344;19.9522
81.9127;0.0773047;20.0863
83.2533;0.0794141;20.2201
84.6029;0.0815625;20.2774
85.9584;0.08375;20.3332
87.3126;0.0859375;20.3124
88.6654;0.088125;20.2927
90.0267;0.0903906;20.5393
91.3981;0.0926562;20.6055
92.7793;0.0949609;20.7529
94.1701;0.0973047;20.8943
95.5699;0.0996484;21.0304
96.9785;0.10207;21.2258
98.3957;0.104531;21.3611
99.8211;0.107031;21.483
101.255;0.10957;21.5327
102.696;0.112187;21.6502
104.145;0.114805;21.8323
105.602;0.117461;21.8783
107.066;0.120156;21.9895
108.537;0.122891;22.0991
110.016;0.125625;22.2714
111.502;0.128438;22.378
112.995;0.13125;22.4204
114.495;0.134141;22.5884
116.001;0.137031;22.6299
117.515;0.14;22.7336
119.036;0.142969;22.8366
120.563;0.146016;22.9902
122.098;0.149062;23.1028
123.639;0.152187;23.1427
125.187;0.155312;23.3052
126.741;0.158516;23.395
128.303;0.161719;23.5063
129.871;0.165039;23.6064
131.445;0.16832;23.6452
133.027;0.17168;23.7449
134.615;0.175039;23.8442
136.209;0.178477;24.004
137.81;0.181914;24.0422
139.418;0.18543;24.1409
141.032;0.188945;24.2999
142.653;0.192539;24.398
144.281;0.196133;24.4356
145.915;0.199805;24.5938
147.555;0.203477;24.6914
149.202;0.207227;24.7285
150.855;0.210977;24.8257
152.515;0.214805;24.9228
154.182;0.218672;25.0799
155.854;0.222617;25.1164
157.534;0.226563;25.2129
159.219;0.230547;25.3573
160.911;0.23457;25.4053
162.61;0.238633;25.5013
164.315;0.242773;25.6571
166.026;0.246914;25.6927
167.744;0.251133;25.7882
169.467;0.255391;25.931
171.198;0.259687;25.9785
172.934;0.264023;26.0735
174.677;0.268398;26.1682
176.427;0.272852;26.2628
178.182;0.277305;26.3572
179.944;0.281836;26.4514
181.712;0.286406;26.5455
183.486;0.291055;26.6393
185.267;0.295703;26.7926
187.054;0.300391;26.8266
188.847;0.305156;26.92
190.646;0.309961;27.0726
192.452;0.314805;27.1062
194.264;0.319687;27.1991
196.081;0.324609;27.3511
197.906;0.329609;27.4436
199.736;0.334648;27.5359
201.572;0.339727;27.5688
203.415;0.344883;27.6608
205.263;0.350039;27.8118
207.118;0.355273;27.8443
208.979;0.360547;27.9358
210.846;0.365898;28.0272
212.719;0.371289;28.1183
214.598;0.376719;28.2093
216.483;0.382187;28.3002
218.374;0.387734;28.3908
220.271;0.39332;28.4813
222.175;0.398945;28.6305
224.084;0.404648;28.6618
225.999;0.410391;28.8106
227.92;0.416172;28.8416
229.848;0.422031;28.9761
231.781;0.42793;29.0208
233.72;0.433867;29.1101
235.665;0.439883;29.1993
237.616;0.445937;29.3469
239.573;0.45207;29.3771
241.536;0.458242;29.5101
243.505;0.464453;29.5543
245.48;0.470703;29.6426
247.46;0.477031;29.7893
249.447;0.483398;29.8188
251.439;0.489805;29.9067
253.437;0.496289;29.9943
254.438;0.499531;30.0965
255.441;0.502813;30.0819
256.445;0.506094;30.1839
257.451;0.509414;30.1692
258.458;0.512734;30.2711
259.466;0.516055;30.2564
260.476;0.519414;30.3434
261.488;0.522773;30.3434
262.501;0.526133;30.3869
263.515;0.529531;30.4303
264.531;0.53293;30.517
265.548;0.536328;30.5752
266.567;0.539766;30.5603
267.587;0.543203;30.6617
268.608;0.54668;30.6467
269.631;0.550156;30.748
270.656;0.553633;30.733
271.682;0.557148;30.7761
272.709;0.560664;30.8193
273.736;0.56418;30.8193
274.763;0.567695;30.8023
275.789;0.57125;30.7854
276.814;0.574805;30.7686
277.839;0.578359;30.7539
278.866;0.581914;30.7892
279.893;0.585469;30.8263
280.922;0.589063;30.8642
281.952;0.592656;30.902
282.984;0.59625;30.9399
284.016;0.599844;30.9779
285.05;0.603477;31.0159
286.085;0.607109;31.0921
287.122;0.610742;31.0921
288.159;0.614414;31.1303
289.198;0.618086;31.1684
290.238;0.621758;31.2066
291.28;0.625469;31.2982
292.323;0.62918;31.283
293.367;0.632891;31.3747
294.412;0.636602;31.3594
295.459;0.640352;31.3977
296.507;0.644102;31.4894
297.556;0.647891;31.5277
298.606;0.65168;31.5659
299.658;0.655469;31.5505
300.711;0.659297;31.5887
301.765;0.663125;31.6805
302.82;0.666953;31.7187
303.877;0.67082;31.7031
304.935;0.674688;31.7949
305.994;0.678555;31.833
307.055;0.6825;31.8711
308.117;0.686406;31.8555
309.18;0.690313;31.9316
310.244;0.694258;31.9853
311.31;0.698203;31.9696
312.377;0.702148;32.0076
313.445;0.706133;32.0992
314.514;0.710117;32.1371
315.585;0.714141;32.175
316.657;0.718164;32.1592
317.73;0.722187;32.197
318.805;0.72625;32.2348
319.881;0.730312;32.2726
320.958;0.734375;32.3103
322.036;0.738477;32.3481
323.115;0.742578;32.3857
324.196;0.74668;32.4234
325.278;0.75082;32.461
326.361;0.754961;32.4986
327.446;0.759141;32.5362
328.532;0.76332;32.5737
329.619;0.7675;32.6648
330.707;0.771719;32.6487
331.797;0.775937;32.7397
332.887;0.780156;32.7771
333.979;0.784414;32.7609
335.073;0.788672;32.7983
336.167;0.79293;32.8891
337.263;0.797227;32.8729
338.36;0.801562;32.9101
339.458;0.805898;33.0008
340.557;0.810234;32.9845
341.658;0.81457;33.0217
342.76;0.818945;33.0588
343.863;0.82332;33.0958
344.968;0.827695;33.1329
346.073;0.832109;33.1699
347.18;0.836523;33.2438
348.288;0.840977;33.2438
349.398;0.84543;33.2808
350.508;0.849883;33.3177
351.62;0.854375;33.3545
352.733;0.858867;33.3913
353.847;0.863398;33.4281
354.963;0.86793;33.4649
356.08;0.872461;33.5016
357.197;0.877031;33.5383
358.317;0.881602;33.5749
359.437;0.886172;33.6648
360.559;0.890781;33.6481
361.681;0.895391;33.7379
362.805;0.900039;33.7212
363.931;0.904687;33.8109
365.057;0.909336;33.8473
366.185;0.914023;33.8669
367.314;0.918711;33.9201
368.444;0.923437;33.9033
369.575;0.928164;33.9396
370.707;0.932891;34.0291
371.841;0.937695;34.0121
372.976;0.942461;34.0483
374.112;0.947227;34.1366
375.25;0.953516;34.1693
376.388;0.962656;34.1988
377.527;0.976055;34.1815
378.667;0.995312;34.2055
379.808;1.01863;34.2355
380.95;1.04449;34.3205
382.094;1.07418;34.298
383.238;1.10836;34.3289
384.383;1.14871;34.3568
385.528;1.19637;34.3806
386.674;1.25242;34.4101
387.819;1.31789;34.4588
388.965;1.39105;34.4285
390.112;1.4702;34.4527
391.259;1.55633;34.4772
392.406;1.64969;34.5029
393.554;1.75043;34.5301
394.702;1.85844;34.559
395.85;1.97344;34.621
396.998;2.09504;34.621
398.146;2.22285;34.6538
399.295;2.35766;34.7311
400.443;2.50012;34.7098
401.591;2.6507;34.731
402.738;2.81023;34.7463
403.885;2.98;34.7538
405.03;3.1582;34.7873
406.175;3.34379;34.8421
407.321;3.53676;34.8098
408.465;3.73742;34.8322
409.609;3.94645;34.9103
410.753;4.16375;34.8839
411.895;4.38891;34.912
413.037;4.62316;34.9385
414.177;4.8668;34.9602
415.316;5.12012;34.9768
416.452;5.38434;35.0221
417.586;5.6593;35.0194
418.717;5.94648;34.9807
419.846;6.24492;34.9787
420.972;6.5534;34.9787
422.096;6.87121;35.0422
423.218;7.1993;34.9993
424.338;7.53754;35.0654
425.454;7.88656;35.0833
426.569;8.24629;35.0506
427.68;8.61605;35.0848
428.787;8.99816;35.0848
429.892;9.38894;35.1636
430.995;9.78891;35.1391
432.095;10.198;35.171
433.193;10.6156;35.2044
434.289;11.0418;35.2894
435.382;11.4751;35.2719
436.473;11.9184;35.3022
437.561;12.3703;35.3251
438.645;12.8319;35.3792
439.725;13.3041;35.3516
440.8;13.7879;35.3925
441.872;14.2824;35.3529
442.939;14.7864;35.4099
444.001;15.2962;35.371
445.063;15.818;35.3926
446.122;16.3475;35.3988
447.173;16.8903;35.4066
448.219;17.4446;35.4056
449.256;18.0114;35.3985
450.286;18.5911;35.3811
451.309;19.1794;35.3596
452.324;19.7861;35.3222
453.333;20.4036;35.2717
454.329;21.0344;35.2814
455.317;21.6777;35.1997
456.298;22.3321;35.2265
457.27;22.9989;35.1523
458.232;23.6763;35.1264
459.185;24.3717;35.0907
460.128;25.0768;35.0452
461.055;25.796;35.0042
461.971;26.5277;34.9484
462.875;27.2716;34.8908
463.767;28.0278;34.8391
464.649;28.7954;34.7981
465.52;29.5752;34.8271
466.379;30.3682;34.7461
467.226;31.1713;34.7238
468.058;31.9864;34.7088
468.879;32.8122;34.7252
469.686;33.6489;34.6964
470.48;34.4963;34.6314
471.261;35.3543;34.6323
472.029;36.2225;34.5624
472.784;37.1036;34.5915
473.528;37.9922;34.5843
474.258;38.8898;34.5844
474.978;39.7966;34.532
475.684;40.7122;34.5314
476.378;41.6369;34.5675
477.059;42.5702;34.5167
477.726;43.5122;34.5318
478.379;44.4626;34.5064
479.019;45.4215;34.4432
479.643;46.392;34.3982
480.252;47.3691;34.3508
480.845;48.3529;34.3168
481.426;49.3442;34.2894
481.993;50.342;34.2981
482.544;51.3472;34.2162
483.081;52.3593;34.1689
483.599;53.381;34.0989
484.1;54.41;34.0512
484.583;55.4433;33.945
485.046;56.4816;33.8721
485.494;57.5244;33.7943
485.926;58.5723;33.7124
486.34;59.6257;33.6212
486.734;60.6866;33.5057
487.111;61.7502;33.4015
487.466;62.8162;33.328
487.806;63.8851;33.2858
488.129;64.9573;33.1664
488.433;66.033;33.0748
488.719;67.1109;32.9791
488.984;68.1914;32.8769
489.229;69.2735;32.7738
489.454;70.3556;32.6799
489.66;71.4382;32.6311
489.847;72.5225;32.5077
490.017;73.6076;32.4367
490.17;74.6933;32.3873
490.304;75.7796;32.3498
490.42;76.8659;32.2892
490.517;77.9517;32.2892
490.596;79.0374;32.3139
490.657;80.1227;32.2484
490.702;81.2075;32.252
490.731;82.2923;32.264
490.744;83.3763;32.3298
490.74;84.4596;32.2905
490.72;85.5422;32.3
490.687;86.6236;32.3218
490.639;87.7053;32.3583
490.58;88.7873;32.395
490.509;89.8687;32.4996
490.427;90.95;32.476
490.332;92.0311;32.5102
490.229;93.1124;32.5559
490.118;94.1943;32.6031
489.999;95.277;32.7181
489.874;96.3598;32.6983
489.743;97.4436;32.7476
489.608;98.5288;32.7977
489.472;99.6151;32.8487
489.336;100.703;32.8964
489.203;101.793;32.9377
489.075;102.885;32.9708
488.951;103.978;33.0064
488.835;105.073;33.0291
488.728;106.169;33.0383
488.633;107.267;33.0319
488.55;108.366;33.0145
488.478;109.466;32.9963
488.418;110.566;32.9807
488.368;111.668;32.9717
488.331;112.77;32.9575
488.308;113.872;32.9406
488.3;114.974;32.9166
488.304;116.076;32.905
488.322;117.177;32.9551
488.353;118.279;32.9463
488.399;119.379;32.8876
488.459;120.478;32.8876
488.534;121.576;32.8716
488.623;122.672;32.9297
488.724;123.767;32.884
488.837;124.862;32.8989
488.963;125.955;32.9149
489.103;127.047;32.9855
489.253;128.138;32.953
489.415;129.228;33.0376
489.589;130.317;33.0612
489.774;131.404;33.0338
489.974;132.491;33.0511
490.185;133.575;33.0609
490.408;134.656;33.0829
490.639;135.737;33.1141
490.879;136.817;33.1465
491.129;137.896;33.1761
491.389;138.972;33.2014
491.66;140.047;33.2214
491.943;141.119;33.2899
492.237;142.192;33.2569
492.539;143.263;33.2835
492.85;144.331;33.3686
493.169;145.396;33.3398
493.499;146.459;33.3617
493.836;147.521;33.3932
494.18;148.581;33.4257
494.532;149.641;33.4901
494.892;150.698;33.5427
495.263;151.756;33.5168
495.642;152.81;33.5342
496.027;153.86;33.563
496.419;154.91;33.595
496.818;155.958;33.6224
497.225;157.003;33.6457
497.64;158.046;33.6634
498.065;159.085;33.7271
498.499;160.122;33.6932
498.939;161.159;33.7723
499.388;162.193;33.7377
499.846;163.222;33.762
500.313;164.246;33.762
500.788;165.268;33.7798
501.271;166.287;33.8015
501.76;167.303;33.8245
502.257;168.317;33.9047
502.761;169.328;33.8752
503.275;170.338;33.8986
503.797;171.343;33.9144
504.327;172.342;33.9825
504.863;173.339;33.9488
505.406;174.333;33.9732
505.954;175.325;33.9985
506.509;176.314;34.0703
507.072;177.299;34.0386
507.643;178.28;34.0512
508.222;179.26;34.0728
508.806;180.236;34.095
509.396;181.209;34.172
509.992;182.178;34.189
510.596;183.144;34.1557
511.205;184.104;34.1663
511.822;185.065;34.1872
512.444;186.02;34.2625
513.073;186.972;34.2287
513.711;187.92;34.2433
514.354;188.865;34.2648
515.001;189.806;34.2877
515.654;190.745;34.3114
516.313;191.681;34.3356
516.976;192.615;34.361
517.645;193.545;34.3831
518.32;194.472;34.4014
518.998;195.396;34.4271
519.682;196.319;34.4532
520.369;197.241;34.5318
521.061;198.158;34.5017
521.759;199.073;34.521
522.462;199.984;34.5354
523.172;200.889;34.5439
523.888;201.791;34.5596
524.608;202.691;34.6355
525.333;203.588;34.6001
526.062;204.482;34.6207
526.798;205.371;34.6385
527.541;206.256;34.6966
528.29;207.134;34.66
529.046;208.009;34.6768
529.806;208.88;34.6963
530.572;209.748;34.7168
531.343;210.612;34.7389
532.119;211.472;34.8159
532.9;212.328;34.7858
533.687;213.182;34.8116
534.478;214.031;34.8336
535.274;214.876;34.8525
536.077;215.715;34.8669
536.886;216.549;34.8749
537.701;217.379;34.8914
538.52;218.205;34.9139
539.344;219.028;34.9351
540.173;219.846;35.0031
541.009;220.659;34.9695
541.851;221.465;34.9785
542.7;222.263;34.9817
543.556;223.056;34.9921
544.417;223.844;35.0079
545.284;224.627;35.0784
546.157;225.404;35.0425
547.036;226.174;35.0973
547.923;226.936;35.0604
548.816;227.692;35.0749
549.714;228.442;35.1173
550.618;229.186;35.1173
551.528;229.926;35.1405
552.442;230.658;35.1606
553.365;231.383;35.181
554.294;232.102;35.1935
555.226;232.812;35.2007
556.167;233.515;35.2212
557.112;234.214;35.2443
558.062;234.906;35.2649
559.019;235.591;35.2838
559.983;236.268;35.3005
560.951;236.935;35.3005
561.928;237.592;35.2998
562.911;238.241;35.2998
563.898;238.882;35.3115
564.893;239.517;35.3285
565.893;240.143;35.34
566.898;240.758;35.3505
567.912;241.364;35.3914
568.931;241.959;35.351
569.955;242.543;35.3592
570.987;243.12;35.3765
572.023;243.688;35.4363
573.065;244.245;35.4021
574.114;244.79;35.4071
575.167;245.326;35.4075
576.228;245.847;35.401
577.294;246.357;35.3808
578.364;246.854;35.3609
579.442;247.338;35.3464
580.525;247.811;35.334
581.612;248.273;35.3352
582.705;248.722;35.3816
583.804;249.159;35.3305
584.906;249.581;35.3239
586.015;249.991;35.3295
587.129;250.389;35.3923
588.246;250.775;35.3583
589.369;251.148;35.434
590.497;251.51;35.4042
591.626;251.859;35.4241
592.762;252.193;35.449
593.901;252.516;35.449
595.043;252.824;35.4978
596.19;253.12;35.4622
597.34;253.404;35.4816
598.494;253.678;35.5098
599.651;253.941;35.535
600.811;254.191;35.5562
601.974;254.427;35.573
603.141;254.653;35.5999
604.31;254.869;35.633
605.483;255.075;35.6707
606.658;255.27;35.7102
607.836;255.456;35.747
609.016;255.629;35.7806
610.199;255.792;35.8077
611.384;255.942;35.8284
612.571;256.082;35.8588
613.761;256.215;35.8977
614.952;256.338;35.9375
616.146;256.453;35.9806
617.343;256.559;36.0805
618.541;256.657;36.0705
619.741;256.748;36.1674
620.943;256.831;36.1674
622.147;256.907;36.2175
623.354;256.977;36.2688
624.562;257.041;36.3202
625.771;257.101;36.3725
626.983;257.156;36.4811
628.197;257.207;36.5304
629.412;257.254;36.5304
630.63;257.298;36.6354
631.849;257.34;36.6914
633.069;257.38;36.6883
634.292;257.418;36.7406
635.516;257.455;36.7928
636.742;257.495;36.8432
637.97;257.533;36.8951
639.199;257.571;36.9465
640.431;257.61;36.9978
641.663;257.65;37.0486
642.897;257.69;37.0991
644.134;257.732;37.15
645.371;257.775;37.2003
646.61;257.819;37.304
647.851;257.865;37.3542
649.094;257.911;37.4043
650.338;257.959;37.4016
651.584;258.008;37.5044
652.831;258.057;37.5017
654.08;258.108;37.5513
655.33;258.159;37.6016
656.583;258.211;37.6515
657.836;258.263;37.7012
659.092;258.316;37.8032
660.349;258.37;37.8527
661.607;258.424;37.8503
662.868;258.48;37.8987
664.129;258.536;38
665.392;258.592;37.9977
666.658;258.65;38.0472
667.924;258.708;38.0964
669.193;258.767;38.146
670.462;258.828;38.1938
671.734;258.893;38.2387
673.006;258.962;38.2799
674.28;259.034;38.3262
675.554;259.108;38.3731
676.831;259.185;38.4199
678.109;259.266;38.5133
679.388;259.351;38.5133
680.668;259.441;38.5572
681.949;259.537;38.5968
683.232;259.64;38.6688
684.513;259.751;38.6922
685.796;259.869;38.7443
687.079;259.992;38.7311
688.363;260.124;38.765
689.648;260.265;38.7933
690.932;260.416;38.8143
692.215;260.579;38.826
693.497;260.754;38.853
694.777;260.942;38.843
696.054;261.142;38.7969
697.33;261.356;38.7756
698.604;261.583;38.7559
699.877;261.823;38.7445
701.147;262.076;38.7354
702.414;262.344;38.7238
703.679;262.626;38.7084
704.939;262.921;38.713
706.197;263.228;38.769
707.452;263.548;38.7292
708.703;263.884;38.7446
709.951;264.233;38.811
711.195;264.597;38.786
712.436;264.973;38.8028
713.672;265.364;38.8273
714.903;265.766;38.8273
716.129;266.184;38.8233
717.35;266.617;38.8447
718.565;267.065;38.7991
719.776;267.526;38.7983
720.983;267.998;38.8269
722.185;268.482;38.8269
723.385;268.978;38.8452
724.579;269.487;38.864
725.767;270.01;38.876
726.949;270.548;38.8837
728.124;271.1;38.8839
729.291;271.663;38.9058
730.451;272.238;38.8957
731.607;272.831;38.8393
732.756;273.435;38.8302
733.892;274.057;38.765
735.021;274.693;38.7259
736.141;275.342;38.6954
737.254;276.001;38.6758
738.358;276.671;38.6644
739.456;277.357;38.6812
740.547;278.062;38.5827
741.623;278.78;38.5376
742.683;279.516;38.4337
743.733;280.265;38.4337
744.77;281.025;38.3759
745.795;281.795;38.3287
746.81;282.579;38.2661
747.816;283.388;38.1414
748.806;284.207;38.0655
749.77;285.042;37.9814
750.724;285.891;37.8457
751.661;286.75;37.745
752.584;287.618;37.6745
753.494;288.498;37.5452
754.389;289.398;37.3818
755.265;290.32;37.1804
756.115;291.249;37.0474
756.942;292.193;36.9303
757.753;293.147;36.8014
758.546;294.108;36.6715
759.322;295.076;36.5885
760.081;296.056;36.4408
760.82;297.061;36.2316
761.536;298.074;36.0057
762.22;299.09;35.8803
762.885;300.118;35.7153
763.529;301.153;35.5734
764.154;302.193;35.4257
764.759;303.237;35.2967
765.344;304.29;35.168
765.903;305.366;34.9323
766.444;306.441;34.7962
766.948;307.516;34.6454
767.433;308.599;34.4992
767.895;309.686;34.3789
768.336;310.777;34.256
768.756;311.871;34.1396
769.155;312.968;34.0243
769.531;314.068;33.9275
769.877;315.182;33.7533
770.205;316.292;33.5766
770.497;317.399;33.482
770.77;318.511;33.3748
771.02;319.622;33.3191
771.249;320.734;33.1971
771.456;321.846;33.1147
771.644;322.958;32.9368
771.806;324.072;32.9368
771.943;325.188;32.8287
772.06;326.3;32.7978
772.15;327.409;32.698
772.221;328.517;32.6396
772.271;329.623;32.5875
772.301;330.727;32.5342
772.31;331.828;32.52
772.3;332.927;32.4378
772.27;334.022;32.3935
772.219;335.116;32.345
772.145;336.206;32.2894
772.053;337.292;32.2735
771.939;338.372;32.1981
771.807;339.449;32.1916
771.655;340.521;32.1523
771.485;341.588;32.0751
771.297;342.651;32.0475
771.092;343.71;32.0351
770.87;344.765;32.0417
770.633;345.817;32.1201
770.378;346.864;32.0774
770.107;347.908;32.1469
769.819;348.945;32.1132
769.516;349.979;32.2146
769.199;351.009;32.2552
768.868;352.035;32.2913
768.525;353.058;32.2757
768.167;354.075;32.3485
767.795;355.09;32.3485
767.409;356.101;32.3708
767.008;357.105;32.3993
766.594;358.103;32.4441
766.165;359.096;32.4077
765.723;360.084;32.4105
765.268;361.065;32.4082
764.799;362.04;32.4007
764.316;363.008;32.3861
763.819;363.969;32.3621
763.304;364.922;32.322
762.774;365.866;32.2754
762.228;366.798;32.2641
761.667;367.72;32.1707
761.094;368.632;32.1091
760.507;369.533;32.0474
759.905;370.423;32.0182
759.29;371.303;31.9092
758.656;372.17;31.7072
758.005;373.022;31.7072
757.34;373.858;31.6109
756.661;374.677;31.5181
755.968;375.482;31.4235
755.262;376.273;31.3266
754.543;377.048;31.2613
753.811;377.808;31.1314
753.068;378.551;31.0644
752.309;379.278;30.9557
751.537;379.986;30.8371
750.755;380.677;30.6977
749.961;381.346;30.6068
749.157;381.999;30.5107
748.342;382.635;30.4195
747.518;383.253;30.362
746.685;383.853;30.2442
745.842;384.435;30.1611
744.984;384.993;30.042
744.12;385.535;29.9482
743.249;386.054;29.8941
742.371;386.555;29.8474
741.485;387.039;29.7344
740.592;387.507;29.7344
739.693;387.955;29.6774
738.788;388.385;29.6225
736.96;389.19;29.4651
735.102;389.913;29.4812
733.23;390.565;29.4298
731.338;391.159;29.466
729.43;391.69;29.5302
727.506;392.166;29.631
725.562;392.589;29.7433
723.607;392.966;29.8495
721.639;393.315;29.9711
720.651;393.478;30.0292
719.66;393.633;30.1422
718.667;393.78;30.1964
717.672;393.921;30.1838
716.674;394.058;30.2444
715.669;394.189;30.3015
714.664;394.317;30.4233
713.658;394.441;30.4785
712.649;394.562;30.4662
711.639;394.68;30.5865
710.626;394.796;30.5747
709.612;394.91;30.6818
708.596;395.026;30.6818
707.58;395.142;30.7925
706.561;395.258;30.8453
705.538;395.375;30.8347
704.513;395.494;30.8814
703.488;395.619;30.9244
702.464;395.745;31.0339
701.438;395.875;31.0197
700.412;396.008;31.1178
699.384;396.148;31.1029
698.357;396.294;31.1374
697.33;396.445;31.1634
696.304;396.606;31.1871
695.275;396.779;31.2328
694.248;396.962;31.2343
693.226;397.159;31.1804
692.207;397.371;31.1804
691.191;397.596;31.1681
690.178;397.834;31.1722
689.169;398.088;31.1289
688.166;398.355;31.0804
687.168;398.636;30.9987
686.176;398.933;30.9405
685.184;399.252;30.87
684.199;399.582;30.8017
683.229;399.933;30.7516
682.264;400.3;30.6834
681.309;400.684;30.6126
680.363;401.084;30.5319
679.425;401.5;30.4625
678.496;401.93;30.445
677.577;402.374;30.284
676.665;402.839;30.284
675.763;403.324;30.1815
674.875;403.823;30.0819
674.009;404.342;30.0481
673.151;404.876;29.9344
672.306;405.425;29.8631
671.474;405.988;29.7859
670.655;406.564;29.7393
669.055;407.757;29.5714
668.273;408.385;29.4786
666.758;409.677;29.3489
665.317;411.025;29.3045
663.93;412.42;29.2099
662.597;413.861;29.2213
661.326;415.359;29.1117
660.125;416.898;29.048
658.982;418.474;29.0255
657.897;420.086;28.9894
656.873;421.733;28.9482
655.903;423.415;29.0191
654.985;425.128;29.0317
654.13;426.868;28.9938
653.33;428.632;29.0644
652.578;430.421;29.0432
651.878;432.232;29.0668
651.234;434.062;29.0643
650.643;435.912;29.0844
650.106;437.78;29.1375
649.626;439.664;29.1574
649.195;441.563;29.1379
648.814;443.476;29.1943
648.484;445.4;29.2577
648.195;447.337;29.344
647.943;449.283;29.4912
647.723;451.24;29.5432
647.529;453.205;29.6492
647.354;455.178;29.8174
647.192;457.16;29.8625
647.039;459.15;30.0179
646.966;460.148;30.0179
646.898;461.147;30.0653
646.835;462.149;30.1566
646.778;463.152;30.1481
646.726;464.156;30.1951
646.676;465.162;30.2434
646.63;466.17;30.3465
646.589;467.18;30.3879
646.555;468.192;30.3772
646.524;469.206;30.4249
646.499;470.221;30.5287
646.478;471.237;30.5202
646.462;472.256;30.5688
646.451;473.277;30.6173
646.443;474.298;30.7217
646.438;475.32;30.7155
646.436;476.346;30.7653
646.437;477.372;30.815
646.441;478.401;30.8651
646.446;479.431;30.9153
646.453;480.462;30.9653
646.464;481.495;31.0644
646.479;482.53;31.059
646.498;483.565;31.1561
646.52;484.602;31.2055
646.545;485.641;31.1995
646.571;486.682;31.303
646.6;487.724;31.2973
646.633;488.768;31.4008
646.668;489.814;31.4499
646.706;490.86;31.499
646.746;491.907;31.546
646.789;492.957;31.546
646.834;494.009;31.5956
646.881;495.063;31.6455
646.929;496.117;31.7493
646.976;497.174;31.7456
647.022;498.232;31.793
647.065;499.291;31.8914
647.106;500.352;31.8867
647.148;501.414;31.9325
647.188;502.477;31.9821
647.227;503.545;32.0811
647.262;504.614;32.0754
647.291;505.683;32.1638
647.314;506.755;32.156
647.329;507.827;32.224
647.334;508.9;32.2102
647.33;509.974;32.2233
647.318;511.047;32.2391
647.298;512.12;32.2627
647.272;513.199;32.2896
647.235;514.278;32.3082
647.186;515.357;32.322
647.122;516.434;32.3706
647.045;517.51;32.3354
646.957;518.587;32.4006
646.858;519.663;32.3678
646.75;520.737;32.429
646.631;521.81;32.4446
646.499;522.885;32.4125
646.351;523.961;32.3916
646.189;525.033;32.3733
646.009;526.099;32.3733
645.814;527.162;32.3453
645.604;528.222;32.3122
645.378;529.278;32.2721
645.14;530.328;32.2277
644.887;531.374;32.2204
644.618;532.418;32.134
644.33;533.461;32.0777
644.03;534.498;32.0275
643.71;535.523;32.0103
643.376;536.546;31.9871
643.027;537.562;31.9737
642.663;538.572;31.9624
642.286;539.575;31.9519
641.895;540.571;31.9469
641.49;541.561;31.9324
641.062;542.549;31.8879
640.621;543.527;31.846
640.163;544.489;31.8118
639.69;545.444;31.7683
639.202;546.389;31.7243
638.699;547.325;31.6757
638.183;548.252;31.6574
637.654;549.169;31.578
637.11;550.076;31.522
636.546;550.976;31.4567
635.969;551.865;31.4007
635.378;552.739;31.3559
634.771;553.599;31.311
634.151;554.447;31.2002
633.517;555.284;31.2002
632.87;556.107;31.1398
632.21;556.918;31.0778
631.537;557.715;31.0138
630.851;558.499;30.856
630.147;559.268;30.856
629.432;560.022;30.7707
628.704;560.757;30.7295
627.965;561.477;30.6234
627.215;562.182;30.5579
626.455;562.874;30.5064
625.684;563.554;30.4727
624.902;564.219;30.4488
624.107;564.87;30.4291
623.299;565.506;30.4116
622.484;566.127;30.403
621.661;566.729;30.4152
620.828;567.319;30.4184
619.988;567.896;30.4219
619.139;568.46;30.4586
618.283;569.009;30.4117
617.418;569.545;30.3973
616.545;570.067;30.4525
615.661;570.576;30.397
614.773;571.076;30.4043
613.88;571.56;30.4253
612.981;572.034;30.4495
612.075;572.496;30.4495
611.163;572.945;30.512
610.245;573.384;30.4683
609.322;573.815;30.4951
608.393;574.236;30.5917
607.457;574.648;30.5559
606.518;575.052;30.5839
605.577;575.445;30.6197
604.631;575.832;30.657
603.681;576.211;30.6878
602.727;576.582;30.7698
601.769;576.945;30.7392
600.808;577.303;30.7718
599.843;577.655;30.8069
598.873;578.004;30.9041
597.901;578.347;30.875
596.929;578.685;30.9708
595.953;579.017;30.9422
594.975;579.344;31.0043
593.995;579.668;31.0043
593.012;579.989;31.038
592.027;580.308;31.0718
591.039;580.623;31.1051
590.048;580.937;31.1976
589.056;581.248;31.1692
588.065;581.557;31.2598
587.07;581.862;31.2314
586.075;582.164;31.2568
585.076;582.46;31.3261
584.075;582.751;31.2959
583.072;583.037;31.3202
582.067;583.321;31.3466
581.058;583.601;31.3732
580.048;583.877;31.3966
579.037;584.147;31.4712
578.023;584.41;31.4379
577.008;584.669;31.4632
575.991;584.924;31.489
574.971;585.175;31.5147
573.95;585.423;31.541
572.927;585.666;31.5676
571.901;585.906;31.5948
570.873;586.143;31.6747
569.846;586.376;31.696
568.817;586.603;31.6651
567.786;586.824;31.6924
566.752;587.038;31.6924
565.717;587.244;31.6963
564.679;587.443;31.707
563.64;587.637;31.7217
562.598;587.824;31.7381
561.555;588.006;31.7527
560.511;588.179;31.7706
559.465;588.346;31.7895
558.417;588.505;31.8054
557.368;588.659;31.8263
556.317;588.806;31.8709
555.265;588.948;31.8709
554.21;589.085;31.8954
553.155;589.216;31.9438
552.099;589.343;31.9999
551.041;589.466;31.969
549.982;589.586;31.9943
548.922;589.701;32.0172
547.861;589.812;32.0366
546.799;589.915;32.0521
545.735;590.016;32.0749
544.67;590.113;32.0993
543.604;590.207;32.121
542.538;590.298;32.1994
541.47;590.384;32.2171
540.402;590.464;32.1837
539.332;590.541;32.2636
538.261;590.615;32.2309
537.189;590.686;32.2546
536.116;590.753;32.2782
535.041;590.816;32.3026
533.967;590.878;32.3819
532.892;590.936;32.3744
531.815;590.992;32.3744
530.738;591.046;32.4543
529.659;591.099;32.4786
528.58;591.15;32.5012
527.5;591.198;32.4697
526.419;591.242;32.4891
525.336;591.281;32.5593
524.254;591.318;32.5258
523.172;591.352;32.6047
522.087;591.384;32.6264
521.003;591.414;32.6485
519.917;591.44;32.6708
518.83;591.463;32.6382
517.742;591.481;32.7083
516.655;591.495;32.7314
515.565;591.505;32.7519
514.476;591.514;32.7186
513.386;591.519;32.7419
512.295;591.521;32.8191
511.204;591.521;32.7867
510.111;591.519;32.8098
509.018;591.513;32.8301
507.924;591.502;32.8475
506.829;591.484;32.904
505.736;591.461;32.8682
504.642;591.432;32.8844
503.546;591.4;32.9026
502.45;591.364;32.9202
501.354;591.322;32.9385
500.257;591.276;33.0118
499.16;591.224;32.9767
498.062;591.168;33.0525
496.964;591.106;33.035
495.866;591.04;33.035
494.769;590.967;33.0508
493.67;590.887;33.0608
492.572;590.803;33.0784
491.473;590.714;33.0985
490.374;590.621;33.1182
489.275;590.524;33.1936
488.175;590.422;33.1594
487.075;590.314;33.1908
485.976;590.201;33.1908
484.877;590.084;33.269
483.777;589.963;33.2899
482.676;589.839;33.2563
481.575;589.711;33.3334
480.474;589.58;33.3002
479.373;589.445;33.3782
478.271;589.308;33.3455
477.168;589.168;33.4204
476.066;589.025;33.4394
474.965;588.877;33.4288
473.862;588.727;33.4288
472.758;588.576;33.451
471.654;588.422;33.4735
470.55;588.266;33.4955
469.445;588.108;33.5742
468.339;587.948;33.5414
467.234;587.786;33.5603
466.129;587.622;33.5852
465.022;587.458;33.6078
463.915;587.29;33.6793
462.807;587.119;33.6465
461.701;586.943;33.6604
460.594;586.764;33.681
459.486;586.583;33.7021
458.377;586.398;33.7236
457.27;586.212;33.7397
456.164;586.02;33.7607
455.056;585.823;33.7842
453.949;585.62;33.8013
452.843;585.412;33.8564
451.737;585.2;33.8193
450.631;584.983;33.8378
449.525;584.761;33.8568
448.42;584.534;33.8726
447.316;584.3;33.8845
446.214;584.058;33.8916
445.112;583.811;33.9063
444.011;583.558;33.9238
442.91;583.301;33.9959
441.81;583.038;34.0115
440.711;582.769;34.024
439.613;582.492;33.9871
438.517;582.208;34.0472
437.422;581.918;34.0637
436.328;581.622;34.0434
435.234;581.321;34.0434
434.142;581.015;34.0621
433.052;580.702;34.0782
431.962;580.381;34.0975
430.875;580.052;34.0975
429.791;579.715;34.098
428.708;579.37;34.1063
427.626;579.02;34.1758
426.546;578.664;34.1354
425.469;578.299;34.1469
424.394;577.927;34.1547
423.322;577.545;34.1973
422.253;577.153;34.1877
421.189;576.75;34.138
420.13;576.336;34.1455
419.077;575.91;34.0831
418.029;575.473;34.0102
416.987;575.023;34.0595
415.948;574.561;34.0177
414.916;574.085;33.965
413.894;573.596;33.908
412.881;573.093;33.8433
411.877;572.576;33.7727
410.883;572.046;33.6662
409.898;571.502;33.5835
408.921;570.945;33.5024
407.953;570.373;33.4239
406.996;569.781;33.3259
406.052;569.178;33.2281
405.128;568.56;33.1434
404.214;567.929;33.0508
403.312;567.286;32.9562
402.422;566.63;32.9124
401.542;565.962;32.7885
400.673;565.278;32.714
399.817;564.578;32.6416
398.979;563.87;32.6328
398.158;563.147;32.5445
397.349;562.415;32.5018
396.554;561.672;32.4561
395.769;560.919;32.4154
394.997;560.155;32.3996
394.234;559.379;32.4422
393.483;558.587;32.364
392.746;557.79;32.3384
392.028;556.984;32.3384
391.32;556.17;32.3243
390.626;555.347;32.3083
389.94;554.518;32.2866
389.267;553.679;32.2789
388.6;552.829;32.2755
387.946;551.969;32.2647
387.303;551.104;32.2451
386.677;550.233;32.231
386.061;549.356;32.2071
385.457;548.473;32.1778
384.863;547.584;32.1451
384.282;546.686;32.1083
383.712;545.78;32.0571
383.159;544.862;31.9172
382.618;543.94;31.9554
382.099;543.015;31.8505
381.591;542.084;31.787
381.097;541.148;31.7352
380.613;540.206;31.6681
380.145;539.257;31.5946
379.69;538.303;31.3947
379.258;537.34;31.4255
378.842;536.373;31.2827
378.449;535.403;31.183
378.072;534.432;31.0938
377.71;533.457;30.9345
377.363;532.477;30.8677
377.029;531.493;30.8677
376.711;530.506;30.8126
376.41;529.514;30.7671
376.129;528.518;30.7193
375.865;527.521;30.6731
375.621;526.525;30.6459
375.391;525.527;30.6136
375.178;524.526;30.5756
374.981;523.523;30.5639
374.799;522.519;30.4826
374.634;521.513;30.5037
374.485;520.506;30.4242
374.352;519.498;30.3674
374.235;518.49;30.3674
374.135;517.483;30.373
374.049;516.476;30.3363
373.981;515.468;30.2595
373.926;514.46;30.2142
373.887;513.453;30.1801
373.862;512.445;30.1583
373.85;511.437;30.15
373.854;510.43;30.1972
373.871;509.425;30.1852
373.904;508.421;30.1672
373.951;507.417;30.1615
374.012;506.415;30.1633
374.083;505.412;30.1049
374.166;504.411;30.1185
374.262;503.411;30.1369
374.37;502.412;30.1369
374.491;501.415;30.1404
374.626;500.42;30.1387
374.771;499.427;30.2129
374.925;498.434;30.1657
375.089;497.442;30.1896
375.261;496.449;30.274
375.442;495.459;30.2525
375.634;494.47;30.2525
375.835;493.483;30.3264
376.044;492.497;30.2856
376.261;491.511;30.3139
376.483;490.526;30.3414
376.712;489.541;30.3692
376.948;488.557;30.4001
377.19;487.573;30.4256
377.439;486.592;30.4468
377.696;485.611;30.4651
377.962;484.632;30.534
378.234;483.654;30.4956
378.51;482.677;30.5236
378.793;481.699;30.5485
379.081;480.723;30.5699
379.378;479.749;30.6152
379.68;478.775;30.6152
379.987;477.803;30.6403
380.299;476.831;30.6689
380.617;475.858;30.6961
380.94;474.889;30.7743
381.271;473.92;30.7423
381.608;472.953;30.7585
381.95;471.987;30.7827
382.297;471.022;30.8116
382.648;470.056;30.8388
383.004;469.093;30.8624
383.368;468.131;30.8845
383.74;467.17;30.9013
384.116;466.213;30.9089
384.5;465.257;30.9901
384.889;464.302;30.9565
385.282;463.348;30.9821
385.683;462.396;31.0569
386.091;461.446;31.0244
386.506;460.5;31.0376
386.929;459.555;31.0625
387.357;458.611;31.0894
387.788;457.67;31.1699
388.227;456.729;31.1969
388.671;455.79;31.1698
389.119;454.853;31.2
389.574;453.917;31.28
390.035;452.983;31.2536
390.501;452.052;31.2733
390.974;451.123;31.3361
391.451;450.193;31.3896
391.93;449.266;31.4217
392.417;448.34;31.4473
392.909;447.415;31.4219
393.407;446.495;31.4865
393.914;445.578;31.459
394.427;444.662;31.4825
394.944;443.749;31.5089
395.467;442.837;31.5405
395.997;441.927;31.5667
396.532;441.022;31.6349
397.077;440.121;31.649
397.631;439.223;31.6188
398.191;438.332;31.6243
398.761;437.445;31.694
399.339;436.56;31.6588
399.921;435.68;31.6791
400.513;434.804;31.7023
401.114;433.931;31.7176
401.728;433.065;31.7263
402.35;432.205;31.7265
402.98;431.355;31.7416
403.617;430.507;31.7625
404.262;429.665;31.7842
404.915;428.827;31.8094
405.576;427.995;31.8364
406.244;427.168;31.9099
406.921;426.348;31.8821
407.609;425.527;31.9105
408.303;424.712;31.9364
409.001;423.904;31.962
409.703;423.102;31.9943
410.411;422.303;32.0213
411.125;421.509;32.043
411.846;420.721;32.0616
412.571;419.935;32.0882
413.301;419.152;32.1178
414.036;418.373;32.1417
414.782;417.593;32.2027
415.531;416.819;32.1673
416.283;416.057;32.1774
417.041;415.298;32.194
417.803;414.544;32.2719
418.57;413.793;32.2353
419.342;413.045;32.3133
420.119;412.301;32.2796
420.901;411.562;32.2992
421.692;410.827;32.3135
422.488;410.094;32.3334
423.286;409.367;32.3491
424.086;408.646;32.4293
424.891;407.928;32.4467
425.698;407.214;32.4108
426.511;406.504;32.4256
427.329;405.8;32.4358
428.151;405.099;32.454
428.976;404.4;32.4741
429.81;403.701;32.54
430.643;403.007;32.5011
431.477;402.32;32.5213
432.317;401.636;32.5335
433.158;400.955;32.6086
434.004;400.277;32.5698
434.852;399.601;32.5881
435.703;398.928;32.6611
436.557;398.259;32.623
437.419;397.593;32.6353
438.282;396.929;32.6503
439.145;396.27;32.6658
440.01;395.613;32.6826
440.878;394.957;32.6986
441.748;394.304;32.7709
442.62;393.653;32.7871
443.494;393.004;32.8035
444.369;392.356;32.8197
445.247;391.709;32.7799
446.127;391.062;32.8512
447.009;390.416;32.8096
447.89;389.772;32.8804
448.772;389.129;32.8941
449.654;388.487;32.8648
450.536;387.844;32.9179
451.418;387.199;32.8758
452.297;386.55;32.8963
453.176;385.901;32.8963
454.055;385.25;32.9208
454.934;384.596;32.9761
455.812;383.94;32.931
456.687;383.281;32.9897
457.557;382.618;32.942
458.424;381.951;32.9352
459.286;381.278;32.9352
460.142;380.598;32.9692
460.993;379.912;32.9115
461.841;379.221;32.962
462.684;378.525;32.8967
463.523;377.819;32.8967
464.356;377.108;32.9254
465.177;376.391;32.9044
465.992;375.665;32.8192
466.8;374.932;32.8192
467.601;374.194;32.8104
468.395;373.448;32.8464
469.182;372.694;32.7613
469.96;371.932;32.7301
470.729;371.159;32.687
471.487;370.377;32.687
472.233;369.588;32.5961
472.966;368.791;32.5608
473.691;367.987;32.5608
474.407;367.175;32.5875
475.114;366.356;32.5542
475.809;365.53;32.4772
476.491;364.695;32.482
477.163;363.852;32.3427
477.82;362.995;32.3427
478.466;362.133;32.2757
479.093;361.266;32.2552
479.71;360.39;32.2029
480.313;359.507;32.1457
480.903;358.617;32.0414
481.477;357.719;31.9744
482.036;356.815;31.8985
482.578;355.902;31.8142
483.103;354.985;31.7286
483.607;354.052;31.6475
484.099;353.12;31.5139
484.565;352.184;31.4634
485.021;351.24;31.3327
485.461;350.292;31.3026
485.887;349.339;31.1793
486.295;348.382;31.13
486.687;347.422;31.0461
487.061;346.457;30.9274
487.413;345.485;30.819
487.747;344.511;30.7861
488.064;343.536;30.664
488.363;342.561;30.6072
488.645;341.581;30.5501
488.915;340.597;30.5123
489.169;339.613;30.4126
489.406;338.626;30.3664
489.625;337.639;30.261
489.826;336.65;30.1898
490.008;335.659;30.0492
490.173;334.666;29.9979
490.324;333.678;29.9979
490.572;331.698;29.8472
490.753;329.716;29.6979
490.87;327.739;29.5541
490.92;325.767;29.4466
490.913;323.798;29.3889
490.847;321.835;29.3312
490.718;319.881;29.3231
490.534;317.935;29.2994
490.293;315.997;29.2274
489.999;314.07;29.1992
489.645;312.155;29.1613
489.243;310.252;29.161
488.785;308.36;29.1787
488.274;306.487;29.151
487.71;304.628;29.0859
487.094;302.787;29.1074
486.422;300.968;29.0571
485.695;299.173;28.9655
484.916;297.398;28.9584
484.088;295.648;28.9602
483.207;293.922;29.0257
482.283;292.22;29.0585
481.313;290.542;29.0278
480.295;288.893;29.0448
479.236;287.269;29.1251
478.136;285.668;29.0968
476.995;284.098;29.1028
475.814;282.554;29.1288
474.598;281.034;29.1797
473.346;279.541;29.2124
472.051;278.081;29.2683
470.724;276.652;29.2554
469.364;275.246;29.3071
467.971;273.873;29.347
466.547;272.524;29.4055
465.094;271.2;29.5062
463.614;269.903;29.5325
462.102;268.638;29.5645
460.558;267.412;29.5676
458.984;266.223;29.5642
457.383;265.07;29.5736
455.746;263.964;29.5427
454.075;262.915;29.4777
452.372;261.926;29.3903
450.645;260.99;29.3255
448.892;260.11;29.2867
447.107;259.297;29.1302
445.299;258.562;29.0667
443.47;257.889;29.0029
441.628;257.277;28.9123
439.768;256.725;28.9748
437.883;256.236;28.9772
435.987;255.819;29.0078
434.081;255.464;28.9883
432.171;255.163;29.0193
430.248;254.904;29.0891
428.305;254.703;29.1678
426.365;254.567;29.1457
424.42;254.488;29.1604
422.475;254.456;29.2391
420.527;254.475;29.231
418.57;254.565;29.1518
416.627;254.725;29.1463
414.687;254.94;29.1711
412.755;255.209;29.1878
410.834;255.533;29.1988
408.913;255.927;29.1611
407.017;256.387;29.1698
405.137;256.909;29.1521
403.279;257.493;29.1095
401.442;258.13;29.1491
399.618;258.834;29.0713
397.833;259.606;29.0541
396.08;260.44;28.9635
394.356;261.33;29.0115
392.66;262.272;28.9628
390.997;263.275;29.0087
389.363;264.331;28.9796
387.771;265.44;29.0275
386.213;266.599;29.0572
384.691;267.804;29.0817
383.196;269.051;29.1542
381.726;270.342;29.2416
380.298;271.673;29.3167
378.899;273.04;29.3327
377.524;274.439;29.4156
376.178;275.87;29.4848
374.862;277.34;29.5449
373.573;278.837;29.6265
372.314;280.365;29.6917
371.089;281.923;29.749
369.886;283.508;29.8336
368.708;285.118;29.9198
367.56;286.754;30.047
366.996;287.581;30.0323
366.437;288.414;30.1372
365.882;289.251;30.1258
365.332;290.093;30.1739
364.787;290.94;30.223
364.245;291.792;30.2729
363.709;292.648;30.3198
363.177;293.51;30.3622
362.648;294.378;30.4128
362.123;295.247;30.5179
361.601;296.119;30.5669
361.082;296.993;30.6137
360.565;297.872;30.6062
360.053;298.755;30.6987
359.544;299.643;30.7468
359.038;300.533;30.7381
358.534;301.427;30.7867
358.032;302.323;30.8349
357.532;303.225;30.8834
357.037;304.131;30.9767
356.547;305.038;30.9671
356.063;305.95;31.0051
355.582;306.865;31.1063
355.103;307.784;31.1434
354.626;308.706;31.1898
354.153;309.631;31.1898
353.682;310.559;31.2921
353.214;311.491;31.3322
352.748;312.426;31.3322
352.284;313.368;31.3795
351.823;314.308;31.4754
351.367;315.249;31.4669
350.91;316.194;31.5699
350.455;317.141;31.618
349.999;318.091;31.6118
349.543;319.042;31.7147
349.088;319.996;31.7628
348.633;320.951;31.7564
348.178;321.908;31.8048
347.72;322.87;31.8516
347.262;323.829;31.9456
346.806;324.789;31.9369
346.349;325.75;31.9826
345.891;326.713;32.0846
345.43;327.678;32.0777
344.967;328.643;32.1244
344.503;329.609;32.2258
344.037;330.576;32.2188
343.568;331.543;32.3147
343.093;332.514;32.3545
342.62;333.483;32.3448
342.145;334.451;32.3901
341.669;335.42;32.4353
341.191;336.39;32.4816
340.708;337.361;32.5725
340.224;338.332;32.6246
339.735;339.303;32.6165
339.242;340.273;32.7033
338.743;341.241;32.694
338.236;342.21;32.7245
337.726;343.178;32.7566
337.214;344.141;32.7938
336.698;345.105;32.8882
336.176;346.069;32.8744
335.647;347.03;32.9438
335.11;347.988;32.9438
334.568;348.945;32.9844
334.021;349.901;33.025
333.469;350.854;33.0657
332.911;351.81;33.1577
332.349;352.762;33.146
331.783;353.712;33.1852
331.21;354.659;33.2215
330.63;355.604;33.2523
330.042;356.544;33.2775
329.445;357.48;33.2956
328.841;358.412;33.3201
328.23;359.341;33.3494
327.616;360.268;33.3745
326.99;361.195;33.4087
326.361;362.119;33.4264
325.723;363.033;33.453
325.076;363.943;33.5209
324.421;364.848;33.4944
323.758;365.749;33.5249
323.087;366.646;33.6066
322.409;367.538;33.5849
321.726;368.424;33.6511
321.029;369.306;33.6658
320.322;370.184;33.6344
319.608;371.051;33.6334
318.882;371.905;33.6249
318.147;372.753;33.6702
317.403;373.594;33.6223
316.648;374.426;33.6148
315.884;375.248;33.5983
315.111;376.06;33.6023
314.327;376.861;33.541
313.525;377.654;33.5014
312.717;378.436;33.4644
311.901;379.202;33.4586
311.075;379.96;33.4478
310.24;380.705;33.4369
309.394;381.439;33.4646
308.539;382.161;33.3883
307.675;382.87;33.3883
306.803;383.566;33.3661
305.918;384.248;33.3241
305.023;384.917;33.3342
304.121;385.571;33.2643
303.213;386.213;33.2592
302.296;386.845;33.314
301.372;387.467;33.2615
300.441;388.076;33.3062
299.501;388.672;33.3092
298.555;389.259;33.2647
297.602;389.833;33.2839
296.642;390.398;33.3087
295.675;390.952;33.3349
294.703;391.496;33.4131
293.722;392.027;33.388
292.736;392.548;33.407
291.744;393.058;33.4757
290.746;393.557;33.4492
289.741;394.048;33.4844
288.734;394.532;33.5748
287.719;395.006;33.5563
286.7;395.471;33.5876
285.676;395.926;33.6151
284.646;396.372;33.6544
283.612;396.813;33.6968
282.574;397.246;33.7408
281.531;397.672;33.8346
280.485;398.093;33.8928
279.434;398.507;33.8828
278.38;398.916;33.9827
277.322;399.32;33.9827
276.261;399.72;34.033
275.197;400.117;34.0845
274.129;400.51;34.1354
273.06;400.9;34.1861
271.987;401.288;34.2954
270.911;401.674;34.2888
269.835;402.057;34.3358
268.754;402.436;34.3823
267.67;402.811;34.4796
266.584;403.183;34.4715
265.495;403.553;34.5209
264.404;403.922;34.5689
263.31;404.287;34.617
262.214;404.65;34.6657
261.115;405.01;34.7688
260.014;405.368;34.7623
258.91;405.724;34.8112
257.804;406.077;34.8596
256.696;406.429;34.9629
255.586;406.779;35.0114
254.473;407.128;35.0058
253.359;407.476;35.1086
252.242;407.823;35.1031
251.123;408.169;35.1517
250.003;408.514;35.1998
248.881;408.858;35.2471
247.756;409.198;35.291
246.629;409.539;35.393
245.5;409.878;35.3874
244.37;410.217;35.4882
243.237;410.554;35.4827
242.102;410.891;35.5833
240.966;411.226;35.578
239.828;411.56;35.6258
238.687;411.892;35.6718
237.544;412.221;35.7602
236.398;412.544;35.7539
235.25;412.866;35.8521
234.099;413.185;35.8446
232.947;413.502;35.8902
231.791;413.816;35.9358
230.634;414.127;36.0337
229.475;414.435;36.0794
228.312;414.74;36.1201
227.148;415.042;36.1201
225.981;415.342;36.1673
224.812;415.639;36.2142
223.641;415.934;36.2615
222.468;416.227;36.309
221.293;416.519;36.3565
220.116;416.807;36.4016
218.936;417.092;36.4445
217.754;417.376;36.4915
216.571;417.658;36.5389
215.385;417.938;36.6328
214.197;418.217;36.6328
213.007;418.494;36.6803
211.815;418.769;36.7276
210.622;419.043;36.7742
209.427;419.316;36.8224
208.229;419.587;36.8696
207.03;419.857;36.9645
205.829;420.126;36.9645
204.626;420.395;37.0636
203.421;420.663;37.0592
202.215;420.93;37.1068
201.007;421.197;37.1533
199.798;421.464;37.2014
198.586;421.73;37.2486
197.373;421.997;37.343
196.158;422.263;37.343
194.942;422.529;37.4371
193.724;422.796;37.4371
192.505;423.062;37.5358
191.284;423.329;37.5825
190.062;423.595;37.6255
188.837;423.862;37.6255
187.612;424.129;37.6721
186.385;424.397;37.7191
185.156;424.665;37.8172
183.926;424.932;37.863
182.694;425.199;37.8586
181.46;425.463;37.9021
180.224;425.728;37.9488
178.987;425.992;37.9956
177.748;426.255;38.0931
176.507;426.517;38.0883
175.264;426.778;38.1857
174.02;427.037;38.1809
172.773;427.296;38.2785
171.525;427.554;38.2739
170.275;427.81;38.3699
169.024;428.065;38.4118
167.77;428.315;38.4444
166.513;428.561;38.4951
165.255;428.805;38.488
163.995;429.046;38.5318
162.732;429.284;38.6263
161.468;429.519;38.6698
160.202;429.75;38.7138
158.933;429.979;38.7579
157.662;430.203;38.7519
156.389;430.425;38.8478
155.114;430.643;38.8908
153.837;430.857;38.8851
152.558;431.065;38.9664
151.277;431.268;38.9967
149.994;431.462;39.0331
148.708;431.651;39.0195
147.42;431.835;39.0571
146.13;432.014;39.0944
144.838;432.187;39.1319
143.544;432.353;39.1703
142.247;432.514;39.2599
140.949;432.667;39.2505
139.648;432.815;39.2925
138.346;432.958;39.3351
137.041;433.093;39.3747
135.735;433.221;39.41
134.427;433.34;39.4892
133.117;433.454;39.477
131.805;433.562;39.5171
130.492;433.664;39.5576
129.176;433.761;39.6498
127.859;433.852;39.6413
126.54;433.937;39.7354
125.219;434.017;39.7793
123.897;434.091;39.7729
122.572;434.161;39.8693
121.247;434.227;39.9151
119.919;434.288;39.9099
118.59;434.346;40.0077
117.259;434.4;40.0028
115.927;434.452;40.1012
114.593;434.501;40.0965
113.257;434.547;40.1433
111.919;434.592;40.2371
110.581;434.634;40.2371
109.24;434.675;40.284
107.898;434.715;40.3804
106.554;434.753;40.4175
105.209;434.786;40.4175
103.862;434.819;40.5152
102.514;434.85;40.5097
101.164;434.88;40.6065
99.8129;434.907;40.6011
98.4599;434.933;40.6469
97.1053;434.957;40.6925
95.7493;434.98;40.7817
94.3917;434.999;40.7817
93.0328;435.014;40.8218
91.6726;435.023;40.8988
90.3109;435.03;40.8988
88.9477;435.033;40.9409
87.583;435.032;41.0328
86.2169;435.028;41.0743
84.8495;435.019;41.1136
83.4808;435.005;41.1494
82.1111;434.984;41.1901
80.7399;434.959;41.2214
79.3675;434.929;41.2214
77.9938;434.895;41.3128
76.6189;434.855;41.3548
75.2427;434.812;41.3472
73.8652;434.764;41.3902
72.4865;434.711;41.4336
71.1068;434.654;41.474
69.7261;434.59;41.5102
68.3447;434.519;41.541
66.9623;434.443;41.5787
65.5786;434.362;41.6182
64.1939;434.277;41.6576
62.8081;434.186;41.6975
61.4214;434.09;41.738
60.0337;433.989;41.7791
58.6449;433.883;41.8708
57.2552;433.772;41.8631
55.8645;433.657;41.9491
54.4728;433.536;41.9491
53.0801;433.412;42.0431
51.6862;433.285;42.0846
50.2916;433.152;42.0776
48.8961;433.014;42.1563
47.5004;432.869;42.1463
46.1036;432.719;42.2248
44.7059;432.565;42.2248
43.3073;432.407;42.3148
41.9079;432.244;42.3449
40.5079;432.077;42.3951
39.1068;431.904;42.4272
37.7049;431.727;42.4272
36.3027;431.543;42.4654
34.9003;431.353;42.499
33.4981;431.155;42.5267
32.0964;430.948;42.5465
30.6949;430.734;42.5718
29.2925;430.513;42.6027
27.8901;430.286;42.6323
26.4878;430.052;42.7124
25.0856;429.809;42.6949
23.6839;429.559;42.7282
22.2823;429.302;42.7629
20.8811;429.037;42.7989
19.4803;428.765;42.8749
18.0787;428.486;42.9213
16.6784;428.199;42.9534
15.2785;427.904;42.9398
13.8802;427.6;42.9633
12.4821;427.288;42.9948
11.0847;426.971;43.0802
9.68623;426.646;43.0652
8.2884;426.315;43.1503
6.89168;425.977;43.1375
5.49545;425.632;43.2146
4.10079;425.278;43.1998
2.70792;424.916;43.2227
1.31648;424.544;43.2365
-0.0736645;424.159;43.2365
-1.45999;423.764;43.2405
-2.84448;423.359;43.3009
-4.22727;422.946;43.2626
-5.6075;422.524;43.2754
-6.98473;422.091;43.2865
-8.36016;421.646;43.3258
-9.73241;421.186;43.3099
-11.0971;420.712;43.2587
-12.4574;420.225;43.2973
-13.8141;419.727;43.2461
-15.1669;419.218;43.2919
-16.515;418.696;43.2455
-17.8585;418.16;43.2365
-19.1974;417.607;43.2112
-20.5259;417.043;43.2133
-21.848;416.464;43.1454
-23.1631;415.873;43.1086
-24.4723;415.27;43.0713
-25.7778;414.653;43.0192
-27.0765;414.02;42.9545
-28.3598;413.377;42.9017
-29.6368;412.72;42.8229
-30.9035;412.052;42.7569
-32.1604;411.371;42.6394
-33.4074;410.679;42.5573
-34.6433;409.969;42.3994
-35.8671;409.238;42.2101
-37.0713;408.497;42.0617
-38.2602;407.74;41.8914
-39.437;406.97;41.6924
-40.5999;406.188;41.4596
-41.7476;405.389;41.2592
-42.8778;404.568;40.6455
-43.9816;403.741;40.6455
-45.0652;402.898;40.2801
-46.1325;402.046;39.9666
-47.1818;401.183;39.7042
-48.2128;400.31;39.2689
-49.2227;399.422;38.8292
-50.2065;398.511;38.4018
-51.1567;397.597;37.9823
-52.0792;396.676;37.6503
-52.9824;395.747;36.9458
-53.8677;394.811;36.9458
-54.7304;393.868;36.4872
-55.5635;392.904;36.1149
-56.3697;391.934;35.5672
-57.1367;390.966;35.2148
-57.8832;389.995;34.9053
-58.6104;389.018;34.5506
-59.3159;388.035;33.9603
-59.9986;387.048;33.9603
-60.6549;386.055;33.5913
-61.2781;385.053;33.2034
-61.8761;384.048;32.8173
-62.44;383.043;32.3044
-62.9808;382.036;32.3044
-63.4987;381.027;32.0714
-63.994;380.016;31.8589
-64.4706;379.006;31.7098
-64.9329;377.992;31.5282
-65.3675;376.973;31.2776
-65.7784;375.952;31.0395
-66.1613;374.935;30.826
-66.519;373.919;30.6733
-66.8544;372.902;30.5388
-67.1673;371.886;30.3057
-67.4585;370.871;30.3057
-67.7274;369.856;30.2091
-67.9743;368.842;30.1252
-68.1985;367.828;30.0893
-68.4018;366.815;29.9869
-68.5836;365.805;29.9792
-68.746;364.796;29.9066
-68.8903;363.789;29.8704
-69.0161;362.784;29.8588
-69.1254;361.781;29.8435
-69.2206;360.78;29.8259
-69.3018;359.779;29.8763
-69.37;358.778;29.9402
-69.4283;357.777;30.0689
-69.4787;356.775;30.1297
-69.5255;355.773;30.1271
-69.5723;354.771;30.1638
-69.6234;353.769;30.2197
-69.6826;352.767;30.2064
-69.7518;351.766;30.1358
-69.8314;350.767;30.0846
-69.9246;349.77;30.0157
-70.0308;348.775;29.9287
-70.2833;346.798;29.7181
-70.5945;344.837;29.4807
-70.9719;342.9;29.161
-71.4098;340.987;28.9511
-71.9104;339.098;28.6638
-72.4769;337.241;28.4763
-73.1042;335.415;28.3198
-73.7984;333.624;28.169
-74.5527;331.871;28.1493
-75.3658;330.151;28.108
-76.2374;328.471;28.0975
-77.165;326.824;28.1096
-78.1446;325.214;28.1549
-79.1708;323.628;28.2915
-80.241;322.071;28.3104
-81.3522;320.537;28.4382
-82.4958;319.02;28.4899
-83.67;317.519;28.5822
-84.874;316.036;28.7382
-86.0994;314.562;28.7717
-87.3441;313.095;28.8725
-88.6093;311.638;28.9617
-89.8967;310.194;29.0454
-91.1994;308.755;29.1385
-92.5216;307.325;29.2198
-93.868;305.913;29.2802
-95.2362;304.515;29.3558
-96.6227;303.127;29.4904
-98.0315;301.755;29.5033
-99.46;300.396;29.6246
-100.906;299.047;29.6655
-102.368;297.709;29.7969
-103.849;296.386;29.8099
-105.352;295.081;29.868
-106.872;293.787;29.9424
-108.408;292.505;30.0704
-109.183;291.87;30.1017
-109.963;291.24;30.0823
-110.747;290.613;30.1209
-111.535;289.988;30.2155
-112.326;289.365;30.198
-113.121;288.745;30.2371
-113.919;288.127;30.2765
-114.721;287.512;30.3131
-115.528;286.901;30.3461
-116.339;286.295;30.3744
-117.155;285.694;30.3977
-117.975;285.098;30.4292
-118.799;284.503;30.4643
-119.626;283.912;30.4991
-120.458;283.324;30.5341
-121.293;282.74;30.5699
-122.133;282.16;30.6521
-122.978;281.585;30.6877
-123.826;281.014;30.7038
-124.677;280.446;30.7406
-125.532;279.88;30.7406
-126.39;279.318;30.7776
-127.252;278.759;30.8118
-128.118;278.205;30.8425
-128.989;277.656;30.8689
-129.864;277.114;30.8898
-130.744;276.577;30.9188
-131.627;276.042;31.0076
-132.513;275.51;30.9846
-133.403;274.984;31.0178
-134.297;274.461;31.0523
-135.195;273.943;31.1323
-136.097;273.431;31.1106
-137.002;272.923;31.2011
-137.911;272.418;31.2361
-138.823;271.917;31.2166
-139.738;271.419;31.3079
-140.657;270.923;31.2893
-141.577;270.431;31.3264
-142.501;269.941;31.4011
-143.427;269.452;31.4011
-144.355;268.966;31.4387
-145.285;268.481;31.4763
-146.218;267.997;31.514
-147.152;267.513;31.5516
-148.087;267.031;31.5892
-149.025;266.549;31.6269
-149.964;266.067;31.6644
-150.904;265.585;31.7017
-151.846;265.104;31.7393
-152.789;264.622;31.7766
-153.734;264.14;31.8138
-154.679;263.658;31.8512
-155.626;263.175;31.8884
-156.574;262.692;31.9801
-157.524;262.208;32.0173
-158.474;261.724;32
-159.426;261.24;32.0369
-160.378;260.755;32.1284
-161.332;260.269;32.1112
-162.287;259.783;32.1482
-163.242;259.295;32.1843
-164.197;258.804;32.2178
-165.151;258.309;32.2479
-166.103;257.808;32.2734
-167.052;257.3;32.3403
-167.999;256.787;32.3153
-168.945;256.269;32.3418
-169.889;255.745;32.3684
-170.831;255.216;32.395
-171.771;254.681;32.4229
-172.708;254.139;32.4519
-173.642;253.591;32.4821
-174.575;253.037;32.5144
-175.505;252.477;32.5475
-176.432;251.912;32.5815
-177.358;251.342;32.617
-178.283;250.767;32.6529
-179.206;250.188;32.7437
-180.128;249.605;32.7266
-181.05;249.018;32.764
-181.97;248.428;32.8016
-182.89;247.836;32.8395
-183.811;247.24;32.8776
-184.731;246.643;32.9156
-185.651;246.043;32.9535
-186.571;245.441;32.9917
-187.492;244.838;33.0297
-188.414;244.233;33.0676
-189.336;243.627;33.1054
-190.259;243.02;33.1434
-191.182;242.412;33.1812
-192.107;241.802;33.2188
-193.032;241.192;33.2565
-193.959;240.581;33.2941
-194.886;239.969;33.3316
-195.814;239.356;33.369
-196.743;238.742;33.4063
-197.673;238.128;33.4436
-198.605;237.513;33.4808
-199.537;236.897;33.5179
-200.47;236.28;33.555
-201.404;235.663;33.592
-202.34;235.045;33.629
-203.276;234.427;33.6658
-204.213;233.807;33.7027
-205.152;233.188;33.7751
-206.09;232.566;33.7751
-207.028;231.941;33.8084
-207.965;231.312;33.8382
-208.901;230.681;33.8737
-209.838;230.048;33.9089
-210.774;229.413;33.9437
-211.71;228.775;33.9785
-212.645;228.134;34.0135
-213.579;227.489;34.0486
-214.513;226.842;34.0839
-215.447;226.192;34.1727
-216.379;225.539;34.1552
-217.312;224.884;34.1911
-218.244;224.226;34.227
-219.177;223.566;34.2631
-220.109;222.905;34.2992
-221.041;222.241;34.3353
-221.973;221.574;34.3695
-222.903;220.904;34.4009
-223.832;220.229;34.4285
-224.756;219.548;34.4507
-225.677;218.861;34.4654
-226.592;218.165;34.5019
-227.5;217.461;34.465
-228.401;216.748;34.4495
-229.295;216.025;34.4331
-230.182;215.293;34.4173
-231.063;214.554;34.4065
-231.937;213.805;34.3966
-232.802;213.046;34.3898
-233.659;212.278;34.3873
-234.507;211.501;34.3895
-235.347;210.715;34.3965
-236.179;209.919;34.4083
-237.002;209.114;34.4188
-237.815;208.3;34.4261
-238.618;207.477;34.4287
-239.412;206.644;34.4249
-240.194;205.802;34.4134
-240.966;204.951;34.3926
-241.726;204.09;34.3666
-242.474;203.22;34.3345
-243.21;202.34;34.2953
-243.934;201.452;34.3087
-244.648;200.555;34.2331
-245.351;199.649;34.2166
-246.042;198.736;34.2043
-246.723;197.814;34.1976
-247.392;196.883;34.1968
-248.049;195.945;34.2019
-248.695;194.999;34.2127
-249.329;194.045;34.2228
-249.951;193.083;34.2728
-250.56;192.115;34.2329
-251.157;191.138;34.2297
-251.741;190.155;34.2499
-252.311;189.164;34.231
-252.868;188.167;34.1755
-253.41;187.163;34.146
-253.939;186.152;34.1102
-254.454;185.134;34.0799
-254.957;184.111;34.0574
-255.447;183.081;34.0466
-255.925;182.046;34.0403
-256.391;181.005;34.0395
-256.843;179.958;34.0445
-257.282;178.906;34.0551
-257.71;177.848;34.0712
-258.125;176.786;34.0922
-258.528;175.719;34.1177
-258.92;174.647;34.147
-259.303;173.571;34.1796
-259.675;172.49;34.215
-260.037;171.406;34.2472
-260.389;170.318;34.275
-260.731;169.226;34.2974
-261.062;168.13;34.3134
-261.382;167.031;34.3216
-261.69;165.928;34.3204
-261.987;164.822;34.3257
-262.274;163.712;34.337
-262.552;162.6;34.3557
-262.821;161.484;34.3754
-263.081;160.365;34.3975
-263.33;159.243;34.4222
-263.57;158.118;34.4496
-263.801;156.99;34.4795
-264.021;155.86;34.5065
-264.232;154.727;34.5293
-264.431;153.591;34.5887
-264.619;152.454;34.5569
-264.795;151.314;34.5589
-264.958;150.173;34.5507
-265.107;149.03;34.5362
-265.243;147.886;34.5135
-265.366;146.74;34.4939
-265.476;145.593;34.536
-265.574;144.444;34.4724
-265.66;143.294;34.4684
-265.734;142.142;34.4684
-265.794;140.99;34.5276
-265.841;139.838;34.5332
-265.874;138.684;34.4965
-265.893;137.531;34.4971
-265.899;136.378;34.536
-265.89;135.225;34.4912
-265.868;134.072;34.5526
-265.834;132.919;34.5319
-265.79;131.766;34.588
-265.734;130.612;34.6115
-265.668;129.459;34.6385
-265.591;128.306;34.6119
-265.504;127.152;34.6789
-265.407;125.999;34.7152
-265.303;124.845;34.7152
-265.19;123.691;34.7529
-265.07;122.537;34.7917
-264.943;121.382;34.8893
-264.811;120.227;34.9294
-264.673;119.071;34.9698
-264.531;117.914;34.9522
-264.385;116.757;34.9928
-264.236;115.598;35.091
-264.083;114.439;35.0735
-263.928;113.279;35.111
-263.767;112.119;35.1453
-263.6;110.958;35.1754
-263.427;109.798;35.217
-263.246;108.638;35.217
-263.057;107.478;35.2393
-262.862;106.319;35.2644
-262.661;105.159;35.2899
-262.453;103.999;35.3699
-262.238;102.84;35.3412
-262.016;101.681;35.3686
-261.785;100.523;35.3974
-261.548;99.3652;35.4276
-261.302;98.2084;35.4547
-261.048;97.0528;35.4775
-260.784;95.8988;35.4948
-260.51;94.7468;35.5051
-260.226;93.5972;35.5379
-259.929;92.4508;35.539
-259.622;91.307;35.4926
-259.304;90.1653;35.5472
-258.977;89.0256;35.4981
-258.64;87.8883;35.5053
-258.292;86.7536;35.5152
-257.934;85.6218;35.5811
-257.565;84.493;35.5448
-257.186;83.3671;35.5646
-256.796;82.2446;35.5822
-256.395;81.1258;35.6038
-255.982;80.0111;35.6038
-255.558;78.9009;35.6391
-255.121;77.7958;35.5973
-254.672;76.6963;35.5794
-254.21;75.6016;35.6162
-253.738;74.5113;35.6173
-253.256;73.4248;35.5653
-252.763;72.3427;35.5714
-252.259;71.2652;35.6347
-251.745;70.1924;35.5944
-251.22;69.1243;35.6117
-250.684;68.0608;35.6327
-250.138;67.0025;35.6514
-249.581;65.9497;35.6661
-249.013;64.9028;35.7146
-248.434;63.862;35.6776
-247.843;62.8281;35.6714
-247.242;61.7998;35.6732
-246.631;60.7764;35.6835
-246.012;59.7576;35.6994
-245.383;58.7436;35.7177
-244.745;57.7347;35.7389
-244.098;56.7308;35.7631
-243.443;55.7317;35.79
-242.779;54.7373;35.8193
-242.106;53.748;35.8456
-241.425;52.7643;35.9125
-240.734;51.7864;35.8837
-240.034;50.815;35.9298
-239.324;49.8507;35.8937
-238.605;48.8922;35.9018
-237.879;47.9386;35.9169
-237.145;46.9898;35.9361
-236.403;46.046;36.0122
-235.653;45.1076;36.035
-234.895;44.1746;36.0602
-234.13;43.2467;36.0842
-233.357;42.3247;36.057
-232.575;41.4091;36.0771
-231.785;40.5003;36.132
-230.987;39.599;36.0986
-230.179;38.7058;36.0968
-229.362;37.8216;36.0841
-228.535;36.9469;36.064
-227.698;36.0822;36.0348
-226.851;35.2282;36.0353
-225.994;34.3845;35.9562
-225.128;33.5508;35.9761
-224.252;32.7264;35.895
-223.368;31.9123;35.8717
-222.474;31.1091;35.9016
-221.57;30.3177;35.8339
-220.657;29.5387;35.8121
-219.733;28.7728;35.7537
-218.801;28.0204;35.7854
-217.859;27.2819;35.7139
-216.908;26.5578;35.6651
-215.947;25.8483;35.6115
-214.978;25.1535;35.5527
-214.001;24.4739;35.5169
-213.014;23.8096;35.4563
-212.02;23.1603;35.3548
-211.017;22.5254;35.3553
-210.007;21.904;35.2617
-208.99;21.297;35.2297
-207.964;20.7051;35.2445
-206.932;20.1289;35.2095
-205.892;19.5688;35.1858
-204.845;19.0235;35.1714
-203.792;18.4922;35.1101
-202.733;17.9752;35.1111
-201.667;17.472;35.1192
-200.596;16.9825;35.1859
-199.518;16.507;35.1967
-198.435;16.0454;35.1601
-197.347;15.598;35.1674
-196.253;15.1648;35.2057
-195.155;14.7459;35.1953
-194.052;14.3418;35.1472
-192.944;13.9511;35.1402
-191.832;13.5726;35.1428
-190.715;13.2049;35.1572
-189.595;12.8484;35.2347
-188.47;12.5033;35.2565
-187.341;12.1692;35.2228
-186.208;11.8468;35.2463
-185.072;11.5366;35.2656
-183.932;11.2386;35.2862
-182.789;10.9534;35.2862
-181.643;10.6791;35.3027
-180.494;10.4136;35.3893
-179.341;10.1575;35.3578
-178.186;9.91055;35.3886
-177.028;9.67258;35.4216
-175.867;9.44316;35.4565
-174.703;9.22176;35.493
-173.538;9.00789;35.5902
-172.369;8.8009;35.6291
-171.199;8.60016;35.6689
-170.026;8.40504;35.6499
-168.851;8.215;35.6905
-167.674;8.02938;35.7312
-166.496;7.84762;35.7721
-165.315;7.66914;35.8714
-164.133;7.49355;35.8533
-162.949;7.32035;35.8936
-161.763;7.1491;35.9734
-160.576;6.97953;35.9734
-159.388;6.81125;36.0702
-158.198;6.64402;36.052
-157.006;6.47762;36.0907
-155.813;6.3118;36.1857
-154.619;6.14648;36.1674
-153.424;5.98148;36.2428
-152.227;5.81668;36.2428
-151.029;5.65195;36.3356
-149.83;5.48727;36.3172
-148.629;5.32254;36.3896
-147.427;5.15922;36.441
-146.224;4.99863;36.4225
-145.019;4.84215;36.4957
-143.812;4.69148;36.5046
-142.604;4.5448;36.5598
-141.395;4.40066;36.5896
-140.184;4.26043;36.6187
-138.971;4.12473;36.5944
-137.757;3.99398;36.6242
-136.541;3.86828;36.6545
-135.324;3.74754;36.6856
-134.105;3.63164;36.7172
-132.885;3.52031;36.7496
-131.663;3.41328;36.8355
-130.44;3.31027;36.8157
-129.215;3.21098;36.9026
-127.989;3.11508;36.8833
-126.762;3.02215;36.9175
-125.534;2.93195;37.0052
-124.304;2.84422;36.9863
-123.073;2.75852;37.0742
-121.84;2.67469;37.1067
-120.607;2.59391;37.0875
-119.372;2.51723;37.1167
-118.136;2.44176;37.151
-116.898;2.36797;37.1848
-115.66;2.29609;37.2715
-114.42;2.22605;37.2521
-113.179;2.15797;37.2857
-111.937;2.09168;37.3194
-110.693;2.02711;37.406
-109.449;1.9641;37.3868
-108.203;1.90246;37.4733
-106.956;1.84219;37.5069
-105.708;1.78297;37.5213
-104.458;1.7248;37.5213
-103.208;1.6675;37.5548
-101.956;1.6109;37.5883
-100.703;1.555;37.6217
-99.4493;1.49961;37.6551
-98.1942;1.44465;37.6884
-96.938;1.39012;37.7217
-95.6807;1.3359;37.8073
-94.4223;1.28191;37.8404
-93.1627;1.22812;37.8211
-91.9021;1.17449;37.8541
-90.6403;1.12098;37.9394
-89.3775;1.06758;37.92
-88.1135;1.01422;37.9529
-86.8485;0.960898;38.0379
-85.5823;0.907578;38.0185
-84.3151;0.854297;38.0512
-83.0467;0.800937;38.0838
-81.7773;0.747656;38.1686
-80.5068;0.694297;38.149
-79.2352;0.640938;38.1816
-77.9626;0.5875;38.2141
-76.6888;0.534063;38.2465
-75.414;0.480547;38.3113
-74.1381;0.426992;38.3113
-72.8611;0.373398;38.3436
-71.583;0.319805;38.4279
-70.3039;0.266133;38.4601
-69.0237;0.212383;38.4923
-67.7424;0.158633;38.4726
-66.46;0.104844;38.5566
-65.1766;0.0509766;38.5887
-63.8921;-0.00289063;38.5689
-62.6066;-0.0567969;38.6009
-61.3199;-0.110742;38.6848
-60.0322;-0.164727;38.6649
-58.7435;-0.21875;38.6968
-57.4537;-0.272812;38.7287
-56.1628;-0.326914;38.8123
-54.8709;-0.381055;38.7924
-53.5779;-0.435234;38.8242
-52.2838;-0.489453;38.8559
-50.9887;-0.543672;38.9394
-49.6925;-0.59793;38.9194
-48.3953;-0.652227;39.0027
-47.097;-0.706562;38.9827
-45.7977;-0.760938;39.0143
-44.4973;-0.815352;39.0458
-43.1959;-0.869766;39.0773
-41.8934;-0.924219;39.1088
-40.5899;-0.978672;39.1718
-39.2853;-1.0332;39.1718
-37.9797;-1.08777;39.2548
-36.673;-1.14234;39.2345
-35.3653;-1.19695;39.3175
-34.0566;-1.2516;39.2972
-32.7468;-1.30629;39.3801
-31.4359;-1.36102;39.3597
-30.124;-1.41574;39.4425
-28.8111;-1.47051;39.4533
-27.4972;-1.52531;39.4533
-26.1822;-1.58016;39.5359
-24.8661;-1.63504;39.567
-23.5491;-1.68992;39.5466
-22.231;-1.74484;39.5776
-20.9118;-1.7998;39.6601
-19.5917;-1.8548;39.6705
-18.2705;-1.9098;39.6705
-16.9483;-1.96484;39.7015
-15.625;-2.01992;39.7324
-14.3007;-2.07504;39.7632
-12.9754;-2.13016;39.794
-11.6491;-2.18531;39.8763
-10.3217;-2.24051;39.907
-8.99332;-2.2957;39.9377
-7.66391;-2.35098;39.917
-6.33348;-2.40625;39.9477
-5.00203;-2.46156;39.9784
-3.66955;-2.51691;40.0604
-2.33606;-2.5723;40.0396
